323
308
319
307
341
360
487
446
302
255
290
295
320
311
325
320
333
322
329
321
332
333
333
336
332
341
330
338
328
341
332
351
342
360
344
361
342
360
345
365
352
367
365
392
384
405
394
405
390
373
363
362
358
351
358
353
360
350
365
352
369
358
374
362
379
358
414
466
594
359
312
320
357
354
370
361
371
364
371
364
367
369
366
370
360
370
358
368
352
363
348
364
351
367
346
364
345
358
338
352
342
354
344
357
350
357
357
358
358
369
374
371
379
364
377
340
342
315
337
313
332
305
331
304
327
303
329
308
327
308
327
310
338
367
472
480
279
256
295
310
310
331
317
331
316
333
316
333
315
335
310
335
313
334
315
335
312
334
315
337
320
328
321
330
320
319
312
317
320
319
325
320
332
320
336
317
332
313
338
316
350
328
354
329
358
332
344
309
320
301
318
302
318
309
319
312
316
316
319
323
315
326
318
333
326
392
475
474
257
281
289
327
307
339
317
341
318
345
324
338
327
346
338
344
338
345
342
343
342
339
344
339
351
334
347
328
343
321
343
313
342
318
345
322
347
327
350
328
346
329
343
330
340
328
337
344
352
355
348
361
354
352
331
334
313
328
307
327
306
329
304
325
306
335
307
335
317
338
315
336
346
404
507
397
272
284
303
316
326
321
331
330
338
321
340
327
340
319
340
318
344
318
342
321
347
324
348
329
352
332
348
335
343
333
342
331
337
341
340
340
338
350
337
350
334
346
330
356
341
365
343
368
343
365
325
340
318
331
312
323
316
325
314
325
320
327
320
322
327
322
330
324
380
438
513
311
283
278
312
306
336
320
336
322
344
318
342
331
346
330
344
331
344
333
339
336
335
332
335
344
339
351
336
344
333
348
327
346
333
354
334
352
331
356
337
352
343
364
352
366
354
371
360
356
338
338
338
334
336
327
335
331
339
322
336
322
338
319
346
322
356
370
483
488
316
268
306
305
330
321
335
327
341
332
333
336
337
339
337
341
335
347
335
349
338
350
333
352
337
355
334
350
324
349
327
344
325
345
331
344
335
347
342
349
345
344
342
339
342
338
358
355
365
352
371
352
358
327
344
323
341
321
339
327
343
324
342
327
343
334
343
337
350
342
352
390
482
521
302
287
305
337
332
350
334
350
334
354
331
351
333
350
332
349
332
352
339
354
344
356
349
360
351
355
347
342
339
330
329
319
326
317
326
314
331
313
332
312
335
313
334
311
328
308
325
309
330
311
328
330
344
336
340
338
343
328
312
311
308
314
303
312
299
314
297
313
296
316
300
322
304
327
311
333
340
404
504
423
263
291
308
324
325
336
335
331
337
332
335
330
338
329
341
328
345
328
350
330
349
333
354
335
358
333
348
328
339
321
334
325
337
327
337
336
336
342
338
342
340
347
334
347
331
349
324
343
327
343
321
349
339
368
341
365
348
358
328
335
316
331
325
329
322
327
331
325
329
324
334
320
336
325
342
324
357
380
509
442
290
270
313
308
340
322
343
329
342
330
341
334
345
336
346
343
347
344
346
353
344
352
341
357
341
354
337
351
325
344
324
345
323
344
325
344
328
347
331
343
335
350
343
348
345
349
360
364
363
360
371
357
355
327
342
321
338
317
334
316
334
313
339
322
344
331
355
345
365
354
376
413
525
501
331
316
337
357
362
376
370
382
374
388
373
393
375
389
371
391
368
383
363
383
361
377
356
372
359
372
360
363
350
354
350
349
353
346
352
348
355
342
357
340
351
333
350
324
351
340
365
346
370
352
368
337
343
326
335
320
324
323
328
322
326
328
324
331
326
335
329
341
324
367
403
535
365
276
266
311
302
324
305
328
310
327
313
327
313
323
313
323
320
319
321
325
324
320
328
314
329
316
328
304
318
295
308
282
308
285
306
286
304
291
305
290
303
286
302
296
304
296
305
308
323
332
321
333
324
331
306
306
287
304
287
304
288
312
293
312
295
316
294
320
303
323
313
325
346
420
513
327
255
276
301
310
320
316
326
319
337
322
338
322
345
329
351
331
352
338
356
344
364
346
367
355
364
353
357
346
350
345
348
348
350
354
349
357
347
362
344
357
348
362
340
358
338
357
345
375
361
378
362
384
359
364
336
342
336
344
334
337
336
330
336
331
335
328
337
327
339
330
339
347
414
517
405
262
298
304
340
324
347
338
351
343
354
341
354
349
356
347
350
355
352
358
351
359
348
359
342
355
338
351
326
340
316
333
316
333
314
336
319
334
323
340
327
339
334
338
335
340
346
347
358
346
358
347
352
323
330
309
325
304
327
304
321
304
323
300
325
309
327
318
332
321
332
360
426
524
354
276
289
312
320
336
327
344
327
342
328
344
323
349
331
346
325
348
325
341
325
340
323
341
324
332
324
330
321
320
317
312
316
315
322
311
321
316
328
312
329
316
333
319
352
332
354
333
354
328
333
310
330
314
328
317
331
325
331
333
336
335
341
347
340
351
338
346
371
450
528
363
274
309
306
338
326
351
333
354
344
359
341
358
347
355
353
358
355
361
364
362
362
355
366
357
371
357
371
348
366
342
365
344
361
344
368
347
367
348
369
350
363
346
357
352
370
367
367
364
362
368
346
337
325
335
321
334
319
332
320
335
320
341
317
340
320
341
320
337
334
390
480
456
260
267
288
308
312
313
321
314
324
316
323
312
322
308
326
305
319
301
321
303
318
300
323
301
319
299
314
294
304
287
299
292
303
298
304
304
306
314
316
326
318
327
318
333
316
338
330
355
334
360
343
363
332
344
323
340
322
336
321
337
329
340
333
338
337
336
343
340
343
336
359
386
496
496
306
276
327
323
353
332
353
338
358
340
359
340
358
342
354
348
358
347
356
358
362
365
363
375
368
373
359
369
351
367
349
368
351
369
351
374
353
377
359
380
360
374
355
366
352
356
350
361
360
367
371
368
372
366
367
339
340
320
330
309
323
301
314
301
317
299
321
304
321
303
322
309
324
312
365
423
512
303
259
279
294
308
306
318
309
322
312
325
313
331
314
336
313
342
324
344
322
347
331
348
334
353
344
356
341
354
342
346
340
342
340
341
346
338
346
338
347
335
344
331
346
330
358
346
368
345
366
344
351
319
328
305
322
308
318
307
313
311
313
311
309
314
309
313
307
315
299
341
377
513
368
273
261
299
295
326
312
334
315
332
319
333
314
332
323
333
326
331
329
330
333
329
339
327
343
333
343
324
340
319
340
319
336
316
339
324
345
328
348
334
349
336
349
342
348
339
348
353
365
364
362
374
364
365
341
345
330
341
325
348
327
348
328
349
331
351
327
351
337
355
340
355
384
467
537
326
283
315
335
344
352
349
358
349
360
355
373
355
375
357
377
360
379
363
390
369
385
369
388
371
384
373
378
366
373
366
360
364
361
361
354
361
357
368
349
364
346
359
336
361
336
359
349
371
345
367
342
358
327
333
318
324
311
323
312
314
308
313
313
306
312
303
317
309
318
306
352
386
517
325
257
256
295
290
311
295
316
294
313
302
313
302
316
307
314
308
312
317
314
321
316
326
314
330
318
330
307
324
303
315
299
318
297
322
306
324
307
329
316
333
319
330
323
328
326
328
336
349
353
348
357
350
352
325
334
315
327
307
331
307
327
306
331
308
331
312
331
317
331
315
330
344
404
513
365
259
275
303
306
321
318
327
313
330
319
333
316
331
318
341
322
343
324
346
327
347
331
345
334
348
335
342
331
332
330
328
329
328
331
330
336
327
338
326
342
319
340
321
342
331
356
332
355
337
349
324
327
312
323
308
318
307
315
314
319
320
318
326
319
332
323
334
323
355
379
506
443
297
267
312
309
339
326
346
329
350
333
349
335
347
340
346
340
348
345
350
352
349
356
349
365
351
365
347
355
344
357
335
355
340
362
344
365
352
370
348
366
350
363
351
358
358
374
369
368
375
370
361
344
347
329
341
323
339
318
340
317
339
321
337
314
339
320
339
321
345
365
467
500
300
268
299
308
319
328
325
329
316
337
324
332
321
338
321
341
322
343
322
345
328
349
328
347
335
352
332
344
325
338
328
335
336
337
333
336
344
338
346
337
355
338
353
334
353
342
370
351
368
349
370
337
343
312
340
319
328
319
330
315
324
319
325
322
323
333
330
339
331
348
373
458
532
349
270
315
316
350
334
357
338
361
339
359
343
361
343
359
350
363
353
360
355
354
356
351
355
344
356
341
353
330
345
322
346
320
341
320
341
315
346
324
344
323
342
326
340
324
338
332
348
351
348
350
350
348
323
327
308
320
301
319
297
316
296
318
296
320
296
316
298
323
302
322
313
365
441
495
281
267
280
298
308
318
321
316
328
316
332
323
331
319
334
316
333
317
333
311
335
311
331
314
328
313
321
302
311
297
303
296
300
297
301
300
304
310
304
315
307
317
304
318
305
334
328
336
323
347
322
324
301
314
297
312
302
315
307
319
306
319
313
320
318
316
324
326
333
332
378
462
502
298
282
288
323
320
342
328
347
334
350
332
351
336
348
346
354
344
347
349
351
346
346
356
352
351
348
359
343
346
331
349
334
349
328
355
332
357
337
355
342
358
340
359
343
364
357
376
364
373
367
363
354
340
338
334
341
326
338
325
340
325
341
321
344
326
344
327
349
330
374
395
542
401
291
284
315
324
339
339
341
336
341
345
340
346
337
347
336
348
332
351
337
356
339
355
339
360
340
355
337
349
330
345
330
336
329
339
335
340
336
343
341
339
344
339
344
332
347
338
363
351
367
353
372
353
358
325
340
317
332
317
330
314
327
319
326
319
324
322
325
333
330
332
327
369
434
539
319
276
285
324
316
339
319
340
327
344
322
339
321
339
325
343
330
340
334
344
338
337
343
341
344
340
341
330
335
318
327
311
329
311
328
315
337
316
337
320
341
321
337
321
337
320
330
334
350
346
349
349
354
348
326
325
312
323
312
326
306
324
310
327
306
328
305
329
316
331
316
334
342
397
489
434
266
279
294
320
325
329
332
330
333
325
330
328
342
325
339
325
339
325
344
325
346
329
347
330
351
330
342
326
340
323
335
325
332
330
332
332
334
345
339
346
338
347
334
349
346
366
345
367
351
359
326
334
318
332
318
332
318
331
318
328
318
326
328
330
333
332
333
326
347
381
489
464
300
263
300
300
327
313
338
318
339
322
339
321
341
329
344
329
342
335
344
336
346
346
345
345
346
348
342
345
335
340
329
341
325
342
324
344
331
349
328
347
332
346
331
354
350
361
351
363
352
350
329
322
325
319
324
314
323
314
323
311
324
311
329
313
331
315
335
322
382
454
501
285
278
284
323
321
330
328
330
327
337
332
331
339
334
341
332
343
335
347
330
345
333
351
332
350
332
346
327
340
324
335
322
335
320
335
330
337
336
339
341
337
339
330
339
334
351
345
358
345
361
345
351
321
334
311
330
313
329
310
328
315
331
317
330
319
329
327
332
329
334
380
464
506
287
276
290
325
321
335
320
345
325
341
324
343
322
342
327
345
329
343
334
343
334
341
341
348
340
344
341
339
337
328
334
322
334
323
338
325
345
327
346
331
348
330
346
334
358
347
369
347
366
354
356
335
333
330
329
325
329
331
325
335
325
340
324
339
324
338
325
343
323
364
390
533
401
295
276
315
315
335
327
340
336
342
333
345
338
344
344
340
345
339
345
332
343
334
346
331
350
334
355
337
350
322
343
329
341
323
340
333
347
338
344
342
349
344
355
365
365
365
362
371
350
352
329
336
324
340
319
337
320
337
319
334
322
339
321
340
327
332
330
373
434
535
337
275
293
306
326
322
336
329
339
325
341
327
343
324
345
326
345
327
344
325
344
328
345
329
346
333
342
332
332
326
329
329
332
333
327
338
331
341
330
348
329
345
333
358
346
369
344
367
348
361
327
331
315
325
312
320
314
321
315
319
320
322
321
319
328
321
328
317
354
392
523
364
266
266
308
299
326
311
332
314
331
316
329
319
330
320
328
325
327
327
329
331
329
334
328
342
329
340
326
334
316
328
314
336
315
334
321
337
320
342
327
342
332
342
332
348
349
364
359
357
360
355
351
329
332
320
327
315
330
312
324
308
329
312
333
310
334
321
337
317
340
370
470
498
302
267
305
318
325
330
332
338
332
338
333
342
329
344
329
345
328
346
330
349
326
351
338
355
338
351
337
345
330
342
331
340
339
338
338
341
346
340
352
340
351
342
359
349
373
361
374
359
380
351
355
332
342
330
342
329
340
331
341
332
343
337
340
342
344
347
345
349
378
452
537
362
278
308
310
337
328
350
337
353
339
353
338
357
339
354
346
353
345
353
347
353
351
353
352
352
360
350
357
340
352
336
349
334
353
337
353
338
352
335
356
337
363
353
368
353
364
356
358
339
328
327
325
328
323
324
318
329
316
327
314
331
316
333
316
337
320
363
398
529
367
278
271
309
308
330
322
334
327
332
335
333
330
329
338
327
337
330
340
331
345
327
346
330
344
327
347
326
341
315
338
321
337
324
333
330
338
332
336
331
341
341
344
357
352
360
348
359
337
336
316
324
307
321
302
324
301
319
304
325
309
326
310
329
321
329
320
352
407
523
370
262
280
298
319
318
329
321
336
322
339
321
342
321
339
324
344
327
345
328
346
335
345
334
340
340
338
337
327
329