
107
117
123
131
143
156
167
177
185
194
205
217
229
235
245
258
270
279
285
294
305
316
326
333
338
348
359
368
373
378
389
399
410
416
421
431
440
449
457
462
470
478
488
495
501
506
517
525
533
539
542
552
560
568
572
575
582
590
599
604
606
612
620
626
629
629
634
638
640
640
641
642
642
643
641
644
643
645
644
644
643
645
646
643
644
645
644
644
646
645
645
644
646
646
645
646
644
646
646
644
646
646
645
646
646
645
646
646
646
646
645
646
645
645
645
646
646
645
645
646
644
645
646
647
647
646
645
644
646
646
644
646
645
646
645
646
645
645
645
646
644
642
645
644
644
646
645
645
644
646
647
647
645
647
645
646
646
645
644
644
646
645
646
643
644
644
645
645
646
644
646
645
644
644
645
644
644
646
645
644
645
644
643
643
645
645
645
644
645
645
645
645
645
643
644
644
644
644
644
644
643
643
644
643
643
643
643
641
643
642
643
641
640
641
641
639
636
636
631
624
615
612
611
608
603
597
595
595
595
590
586
583
583
583
579
575
572
572
572
569
563
560
558
558
557
552
550
549
548
548
544
537
536
535
534
534
528
526
528
528
523
520
518
518
517
515
512
509
508
507
505
501
498
497
496
497
493
486
488
488
486
484
480
479
478
478
476
470
471
471
471
469
463
462
461
461
459
455
454
454
453
453
448
444
446
446
445
444
441
442
441
441
437
435
435
434
434
433
428
428
430
429
430
426
431
433
438
440
439
440
445
449
449
444
436
429
425
422
416
409
405
404
404
400
395
396
397
397
394
390
390
393
390
388
383
369
353
336
315
293
283
323
410
482
521
543
528
501
490
479
452
422
401
392
383
379
378
376
374
370
367
365
365
365
363
360
359
361
361
362
358
357
359
360
362
359
357
360
361
364
359
355
359
359
362
358
356
356
357
359
361
358
357
359
361
362
360
359
361
362
362
361
360
364
366
369
366
366
368
372
372
369
366
365
361
361
356
353
352
350
349
347
340
341
341
342
340
336
336
335
335
337
334
335
337
338
337
335
333
331
333
333
331
328
330
333
334
333
330
329
331
335
332
330
331
331
335
332
329
330
331
332
330
328
328
328
330
331
327
328
328
328
330
329
325
324
328
326
324
322
325
325
327
325
323
322
326
327
328
323
325
326
328
329
324
324
325
327
328
325
324
325
326
327
325
322
324
323
328
328
325
326
329
330
329
328
329
332
335
340
341
343
348
353
360
359
358
356
352
345
336
331
330
329
327
324
320
320
325
322
321
319
318
321
324
322
320
320
317
307
290
268
252
237
230
268
357
429
468
492
483
448
428
421
403
378
353
339
332
333
330
326
324
322
322
324
320
318
318
319
320
320
318
321
322
325
325
322
321
322
324
326
323
323
328
329
330
326
326
327
330
332
331
329
330
332
333
332
332
332
335
338
336
333
335
339
342
343
345
347
347
352
354
351
351
352
355
354
350
345
345
343
342
339
334
334
333
333
333
329
327
329
331
329
326
328
327
330
330
325
327
328
330
330
327
326
326
328
331
326
323
323
327
329
327
324
326
328
330
327
324
325
327
329
330
327
325
326
329
330
325
326
325
330
330
326
323
325
325
328
326
324
323
325
328
327
325
325
328
328
326
322
322
324
328
325
321
322
326
327
328
324
323
324
326
326
323
323
324
326
328
326
325
325
329
334
337
338
343
348
357
359
355
354
351
350
342
331
329
328
326
324
318
315
317
320
319
314
314
314
317
320
317
313
314
312
298
279
257
236
216
212
259
360
452
515
528
482
434
422
419
396
367
343
333
329
328
328
320
318
319
321
321
317
313
316
318
318
316
315
314
318
319
317
316
316
318
320
321
317
318
320
323
323
320
319
322
325
324
322
322
323
326
327
323
324
323
327
330
329
328
330
331
337
336
336
338
341
344
344
341
341
341
341
340
335
332
333
334
331
327
325
324
325
324
320
318
320
323
325
320
318
318
322
324
323
319
318
321
325
322
320
320
323
326
327
324
320
323
327
327
324
323
323
325
326
324
322
326
330
331
326
324
327
329
331
326
326
328
331
332
330
327
326
328
330
331
326
325
328
328
331
327
327
326
329
330
328
325
325
329
330
328
322
326
327
330
328
326
325
328
332
330
326
328
329
333
333
329
329
330
334
334
334
336
344
351
353
353
353
360
363
362
357
350
343
340
338
332
328
325
325
325
325
320
318
319
322
322
318
317
319
322
321
307
289
274
258
241
216
227
298
406
488
525
508
458
433
433
414
378
356
343
338
336
329
327
327
328
324
322
320
320
325
324
321
319
321
322
324
321
318
323
324
328
325
323
325
329
330
329
327
326
329
333
331
328
328
332
336
335
329
331
332
337
337
331
331
335
338
340
338
339
341
343
346
347
343
347
351
352
348
345
342
343
342
340
334
333
331
331
332
327
326
328
327
330
325
322
323
328
329
327
324
327
330
329
326
325
326
328
329
326
325
325
328
328
328
323
326
326
328
326
324
325
325
327
328
324
323
327
329
331
326
324
326
328
327
326
323
325
327
330
325
324
324
326
328
326
322
323
326
328
329
325
324
327
329
327
323
324
324
326
327
325
324
326
328
330
327
323
326
328
330
326
323
323
326
330
327
325
327
329
330
326
324
324
327
331
331
327
331
337
344
348
346
347
352
358
360
355
348
342
340
337
330
324
322
324
324
323
316
319
321
322
321
319
318
320
321
321
315
300
285
268
251
222
213
254
349
435
489
505
477
444
437
425
393
364
347
340
333
329
327
326
328
325
319
321
321
323
321
318
318
320
323
323
318
317
319
324
324
323
323
324
326
328
325
323
325
326
330
327
323
325
327
332
330
328
329
332
333
333
329
330
333
336
337
334
336
339
342
345
342
343
343
349
349
343
340
338
339
340
336
329
329
331
331
327
321
320
321
324
324
320
318
320
323
322
319
319
320
323
322
319
317
318
321
322
321
317
317
322
323
320
318
320
321
325
325
320
320
321
323
323
318
319
321
323
322
318
318
318
322
322
321
318
319
320
322
319
318
319
320
324
319
319
318
320
323
320
316
319
323
324
323
320
319
323
324
324
320
319
320
325
324
320
319
323
324
324
322
319
319
322
324
322
320
320
325
326
324
320
320
322
325
326
324
327
331
339
343
346
351
353
353
352
345
339
332
332
329
324
318
318
319
319
316
311
311
314
317
312
311
312
312
316
314
302
286
272
254
239
219
233
308
391
437
460
467
450
431
422
403
374
352
336
331
324
318
317
319
319
314
309
311
313
316
316
310
311
313
318
318
313
311
314
317
319
316
317
318
321
322
321
319
320
321
325
324
320
323
325
328
327
323
323
326
330
331
328
327
330
334
337
333
335
337
342
347
342
341
345
346
349
345
343
340
341
341
336
332
329
329
330
329
325
322
323
326
324
320
318
320
325
326
321
322
322
325
327
321
320
321
323
324
322
320
323
324
326
324
320
322
324
328
324
322
323
324
327
324
322
321
325
327
325
319
320
321
323
325
321
320
323
325
327
324
320
322
324
326
323
321
321
324
325
324
319
321
322
326
326
322
321
326
327
327
324
323
323
326
326
323
323
326
331
334
329
333
335
343
348
353
355
357
357
356
352
341
335
333
334
328
323
320
321
320
320
316
314
314
317
317
313
311
314
319
319
307
289
272
259
246
229
234
302
388
441
465
476
454
432
424
411
382
357
340
333
328
322
320
318
320
316
313
312
312
316
317
315
311
312
317
318
316
312
316
319
321
321
316
318
323
323
324
319
320
324
324
323
321
321
323
329
328
324
327
327
331
333
330
327
330
335
337
334
334
336
340
343
344
340
342
346
344
345
340
338
341
338
337
330
329
329
328
326
323
322
321
323
325
321
319
319
324
324
320
319
321
323
325
323
321
321
324
325
325
319
320
322
324
322
320
321
323
324
324
320
318
320
322
326
322
319
319
324
325
321
319
321
322
326
324
323
321
324
327
325
322
321
323
326
322
319
320
323
324
324
321
319
321
322
325
320
321
322
326
326
324
320
322
326
328
325
323
326
331
335
339
339
345
350
358
361
358
356
355
351
345
334
331
329
329
328
322
317
318
322
321
318
317
317
317
321
318
314
318
313
302
285
263
243
223
218
258
352
444
504
522
485
436
424
418
399
370
345
333
328
329
329
324
319
321
320
320
317
314
315
318
321
321
316
317
319
324
321
319
318
322
324
325
323
321
323
328
330
326
326
327
330
330
330
328
330
331
336
334
332
333
335
337
338
336
337
340
344
345
344
345
346
352
352
346
346
347
347
345
342
338
338
338
338
334
330
329
329
328
325
323
324
327
329
327
323
325
327
330
329
326
325
328
330
331
325
325
328
329
329
327
326
326
330
332
329
324
326
330
331
328
326
326
329
330
329
326
325
329
331
328
326
327
329
330
329
326
325
327
328
329
325
323
326
328
331
327
323
326
328
330
327
326
325
328
330
329
325
325
327
330
327
324
325
326
326
327
324
322
326
328
329
327
326
328
333
343
344
344
345
351
355
356
353
354
348
345
337
331
327
327
325
323
318
318
317
321
319
316
314
318
321
320
316
315
311
301
285
260
241
219
216
261
357
445
503
514
477
432
425
416
390
365
344
331
327
327
326
320
317
315
316
318
319
314
315
316
318
318
313
314
315
319
322
317
314
318
320
322
322
317
316
321
325
323
320
320
322
326
326
325
325
328
331
330
328
328
329
332
333
331
330
335
337
341
338
339
339
344
348
347
342
340
339
342
340
334
331
330
330
329
322
320
321
323
321
317
316
317
319
319
315
315
314
317
321
317
316
315
320
321
318
316
317
319
321
321
317
318
320
321
322
317
317
318
323
320
318
314
318
322
321
318
316
319
321
322
320
318
320
320
321
320
315
319
319
322
320
317
318
319
323
321
316
319
320
323
322
320
318
320
324
324
320
320
321
323
324
322
320
319
323
325
322
321
321
321
324
323
318
318
322
323
324
322
322
324
327
327
326
333
340
346
347
344
343
347
352
355
345
335
332
330
329
324
318
317
317
319
317
313
312
315
316
316
313
314
315
318
316
297
281
266
247
226
214
248
341
429
488
506
474
436
434
425
393
359
340
334
332
327
322
318
320
319
321
314
314
315
319
318
316
314
315
321
320
317
317
319
320
322
320
319
318
321
325
324
320
322
324
328
328
324
322
326
327
327
325
326
329
333
335
330
331
333
335
339
335
334
338
343
347
345
345
344
345
344
341
337
334
336
335
333
326
322
323
326
324
318
317
318
319
320
319
317
320
321
323
318
319
320
325
326
323
320
320
322
324
323
320
320
325
327
323
320
322
324
326
325
323
323
324
325
326
321
320
321
325
324
321
320
320
323
326
321
320
321
325
327
325
320
321
323
326
324
320
320
323
325
324
320
321
324
326
327
322
321
323
326
327
325
322
322
325
328
325
322
324
324
328
325
323
324
326
327
326
324
325
328
327
326
321
323
325
327
329
323
323
326
329
330
326
327
335
339
345
346
347
350
358
360
356
350
346
343
340
334
328
326
326
327
324
319
319
321
323
320
318
317
319
321
320
317
310
298
283
267
246
226
227
287
376
429
463
481
465
443
432
415
387
365
348
337
329
326
326
327
324
318
316
317
320
323
317
315
316
322
322
318
317
318
321
324
322
320
321
323
328
327
323
326
328
330
331
328
327
330
332
333
331
330
333
337
339
333
333
335
340
341
336
337
340
343
348
347
345
347
350
353
350
347
345
347
347
343
337
337
336
334
332
325
326
327
327
328
322
320
323
326
328
323
320
321
323
324
321
321
322
327
328
324
320
321
325
328
326
322
322
325
328
328
323
323
325
327
327
324
321
323
328
329
326
323
322
325
327
324
320
323
325
326
323
320
320
324
327
323
320
320
324
325
325
321
320
322
324
325
323
321
323
327
324
322
320
322
327
327
326
323
324
326
328
327
324
325
327
330
328
326
327
327
331
328
323
325
326
329
329
328
329
330
337
341
341
344
354
362
365
361
353
350
346
342
337
331
328
327
328
322
318
321
322
323
320
318
319
319
322
320
317
314
311
300
286
266
246
227
230
285
375
439
481
498
474
440
426
419
396
370
349
334
330
330
327
327
322
320
321
321
321
315
317
319
320
322
318
316
319
321
325
323
320
320
324
326
323
319
322
328
331
328
323
326
328
329
329
328
328
331
331
333
331
329
332
335
338
335
333
337
339
342
341
341
344
347
352
347
346
347
348
347
343
337
336
336
338
336
330
326
329
330
326
324
323
323
326
326
323
321
322
325
327
323
322
324
328
329
325
322
324
326
329
327
325
323
328
331
328
324
323
326
330
328
325
327
327
330
331
325
325
326
330
333
327
326
327
332
331
330
326
326
329
331
329
326
329
330
330
329
324
323
325
328
329
327
327
327
331
330
327
326
327
330
329
327
326
327
329
329
328
324
325
327
330
327
324
326
328
330
329
326
326
327
331
334
331
330
335
341
344
346
349
359
363
364
359
354
349
344
341
335
331
326
327
327
321
318
317
320
322
321
318
318
319
321
322
320
316
303
292
273
249
226
215
246
342
431
492
515
492
446
425
422
402
373
353
338
329
325
327
326
324
319
318
319
322
318
316
315
317
319
319
315
315
316
319
323
316
317
319
322
323
319
319
321
322
325
323
320
323
324
329
325
324
324
327
330
331
328
328
330
333
334
330
330
333
338
341
339
340
341
346
347
346
342
342
342
341
339
333
332
334
334
329
327
325
325
327
324
321
321
323
322
324
320
318
319
323
323
321
319
321
324
325
323
320
322
324
325
325
323
323
323
326
325
322
322
324
329
326
323
324
326
326
326
324
323
325
326
327
323
322
324
327
328
325
322
324
327
326
326
322
324
324
328
324
320
321
325
327
324
323
322
325
326
325
324
325
324
328
328
326
324
327
330
330
326
326
325
328
331
328
324
323
327
329
329
325
325
327
330
330
328
326
329
332
333
329
331
332
337
339
341
344
350
354
362
362
357
358
357
352
342
334
335
335
333
327
324
322
323
325
325
320
318
320
324
325
320
319
318
313
297
275
256
233
218
237
310
409
482
519
506
456
431
432
413
385
359
341
336
336
333
331
326
325
325
326
325
321
319
321
324
325
322
323
324
326
327
324
324
325
328
330
331
327
329
332
334
332
329
331
332
333
331
331
330
333
334
336
333
330
336
338
339
336
333
338
341
342
341
339
344
347
353
350
348
347
349
350
346
340
339
340
340
336
330
327
331
329
329
322
322
323
326
326
323
321
323
326
325
322
321
321
326
327
325
322
325
325
327
326
324
325
326
330
329
325
325
326
329
327
325
325
325
328
331
326
324
325
329
330
325
325
326
329
331
327
325
326
330
331
327
325
326
329
330
328
323
326
327
330
329
325
327
328
331
330
327
326
325
329
332
328
326
327
329
330
328
325
327
327
329
329
325
327
329
333
329
327
328
332
335
333
327
329
332
334
334
329
329
332
333
333
330
327
330
332
334
333
332
334
335
342
342
343
347
355
364
362
359
357
353
348
343
336
333
332
332
328
325
321
322
324
323
317
317
320
320
324
321
318
317
313
298
277
255
235
217
232
304
391
457
500
498
462
432
429
410
383
357
337
328
330
329
327
322
319
318
320
321
317
314
315
319
320
318
315
317
319
322
321
317
319
321
324
324
321
322
326
329
328
324
324
326
328
330
326
325
327
330
332
327
327
329
330
333
331
329
331
334
339
337
338
339
342
345
345
343
343
342
345
340
336
334
333
334
332
328
325
322
322
323
318
316
317
320
319
318
316
317
319
321
318
318
318
319
320
320
316
317
317
318
320
314
316
317
320
321
317
317
317
319
321
319
314
316
319
321
318
317
317
318
320
318
316
315
320
322
321
317
316
319
321
323
319
316
317
320
320
317
317
318
320
322
318
314
316
318
321
318
317
319
319
323
321
318
318
321
323
322
317
318
319
323
322
316
316
318
321
322
318
318
320
321
323
319
319
318
322
325
321
319
318
323
325
323
323
325
326
330
332
332
335
344
354
355
350
348
348
347
340
331
327
327
328
324
319
314
315
316
317
315
313
311
313
316
315
311
313
313
305
287
269
253
237
226
246
321
398
441
476
482
455
430
420
405
379
354
337
329
327
327
319
314
317
318
319
315
313
312
316
317
316
313
313
316
319
320
317
317
321
325
324
320
320
321
324
327
325
322
324
328
329
326
324
325
327
329
329
325
326
330
334
333
328
330
335
338
339
335
336
340
344
347
346
344
345
347
346
340
336
336
337
336
332
325
326
326
329
324
322
323
325
324
322
318
318
320
325
323
322
320
321
324
323
322
321
322
325
326
323
320
322
325
325
325
321
323
324
328
325
322
321
322
326
325
323
322
324
326
325
322
322
323
325
324
320
321
322
324
327
323
319
321
325
326
323
320
323
325
326
322
320
319
322
326
325
322
320
324
327
324
321
323
325
326
326
322
323
325
329
329
323
324
323
327
327
326
323
323
328
329
328
327
329
332
339
339
338
347
357
364
362
357
354
352
346
340
333
329
328
328
329
321
319
318
319
322
319
314
317
319
320
317
316
317
310
295
278
256
238
220
229
288
380
449
493
504
467
432
425
418
394
365
343
332
331
331
329
323
319
318
321
323
317
314
315
317
320
319
317
317
319
322
320
317
316
321
324
324
322
321
325
327
329
325
324
327
329
331
328
327
326
331
332
331
329
331
334
337
335
333
334
337
340
341
341
341
345
350
350
347
348
348
348
346
342
339
339
339
338
333
329
328
327
329
327
324
324
324
327
324
321
320
322
325
325
321
321
324
326
327
322
322
323
328
327
324
323
323
327
329
327
324
325
328
328
325
323
324
326
329
326
322
322
325
327
327
323
323
324
326
327
322
322
324
327
325
321
321
324
326
327
325
321
325
324
328
325
321
322
325
328
325
321
321
324
325
326
323
322
324
326
327
324
324
327
326
328
324
323
322
328
328
324
322
325
329
332
333
332
337
343
348
352
355
358
357
356
350
339
334
333
332
330
323
320
320
322
322
318
317
318
320
320
319
317
318
320
317
302
282
262
248
226
214
245
339
431
492
513
479
438
431
428
401
367
345
336
333
330
325
323
320
324
322
318
315
318
320
321
318
316
317
321
324
320
319
321
322
323
324
320
321
324
329
329
324
323
326
331
330
326
327
329
333
334
331
328
330
333
337
333
331
331
335
338
339
336
338
343
346
346
344
345
349
346
346
341
339
339
340
338
333
330
328
329
328
322
319
320
322
324
321
318
319
321
323
321
320
321
323
324
323
321
320
322
324
324
320
318
319
324
324
321
318
320
323
325
320
318
319
323
326
322
320
320
322
323
322
318
321
320
326
324
320
320
324
327
325
320
321
321
324
323
320
321
321
324
325
320
320
321
323
325
322
319
321
322
325
322
317
321
321
324
324
320
321
323
327
326
319
321
325
327
328
323
324
324
327
331
330
333
336
344
349
350
354
357
358
358
350
340
334
330
331
325
321
318
319
319
319
314
314
315
316
318
315
317
317
320
315
299
282
264
249
228
214
246
337
421
478
497
470
436
431
427
397
361
342
334
332
329
322
318
318
320
320
315
315
316
319
318
314
311
314
317
316
313
311
313
316
318
316
313
315
318
321
321
317
318
320
322
322
319
319
321
326
323
321
320
324
328
329
326
325
327
332
335
332
331
333
337
342
340
339
341
339
342
337
332
332
331
332
327
320
320
319
321
319
315
313
315
316
316
312
310
311
314
313
311
309
312
313
317
313
313
312
315
317
315
311
315
317
320
318
313
314
317
320
319
315
314
317
317
319
314
315
316
320
321
317
316
317
320
321
315
312
314
317
321
321
316
317
318
321
318
315
317
318
321
319
315
317
319
321
321
315
316
319
322
323
319
317
318
320
322
320
317
318
321
324
320
318
317
320
323
322
319
319
322
327
329
329
332
338
343
348
347
349
348
348
345
336
329
326
325
326
320
315
317
315
318
317
314
314
316
318
316
313
315
318
315
300
279
265
251
238
234
269
351
412
442
468
465
443
432
423
402
372
349
334
332
331
325
320
319
320
322
319
314
314
315
319
319
316
316
318
321
321
320
320
322
325
325
322
321
322
328
330
327
322
325
330
333
331
326
327
332
335
335
329
332
334
338
337
336
337
340
343
346
342
344
348
351
354
351
351
351
352
352
346
341
338
339
339
336
331
329
332
333
330
324
323
326
329
327
323
323
324
329
329
325
324
325
327
326
323
321
323
326
328
326
323
324
328
330
326
326
325
329
332
329
322
325
325
330
327
325
324
326
328
330
324
326
327
330
331
326
323
325
326
330
325
322
326
328
328
324
324
326
327
330
328
324
326
327
331
331
326
328
329
332
331
328
328
331
332
334
328
328
328
330
333
336
336
341
346
353
353
356
360
363
364
360
349
346
342
341
336
329
326
326
326
327
322
319
322
327
326
324
321
324
324
327
317
301
286
271
260
239
231
278
370
436
471
485
469
444
436
430
402
376
356
347
340
333
329
330
332
330
326
322
322
327
325
322
320
323
326
326
324
322
324
326
328
329
327
326
329
335
331
329
330
333
336
334
333
333
335
338
339
334
336
335
339
342
340
339
342
346
346
344
344
345
350
353
352
349
351
353
356
354
349
348
347
348
345
340
337
338
338
337
330
330
331
334
333
328
327
328
328
332
328
326
325
330
333
331
328
327
331
333
332
328
328
331
333
332
329
328
331
332
332
327
327
328
329
331
327
326
328
329
331
329
326
328
330
330
330
327
328
328
332
330
326
327
329
330
330
327
325
326
329
330
326
324
325
329
330
327
325
327
329
330
328
324
326
327
331
328
326
326
329
331
330
323
324
329
331
329
329
331
338
345
349
347
350
356
360
360
352
345
340
336
336
329
326
321
324
324
319
316
317
318
321
319
314
316
319
322
320
312
293
280
264
243
217
215
271
374
460
509
513
471
434
431
418
388
362
347
338
331
326
322
323
324
321
316
315
318
319
318
315
314
316
320
319
317
315
317
321
323
319
319
322
325
327
324
322
324
324
327
326
322
325
329
331
328
326
325
329
331
330
328
328
331
336
337
333
336
340
344
345
342
344
346
349
350
344
341
340
342
342
336
332
330
328
329
324
321
320
322
323
324
320
319
321
321
323
320
320
322
323
324
321
320
322
326
325
322
319
322
325
325
323
319
320
323
325
324
320
321
322
326
323
321
321
323
325
326
322
320
324
327
325
323
321
324
326
325
323
322
323
326
327
326
323
323
326
327
326
322
323
324
326
326
324
322
325
327
327
323
323
325
328
327
323
323
325
326
328
325
324
326
329
330
328
326
326
328
331
328
325
325
327
332
329
334
340
345
352
353
348
351
356
358
357
350
340
336
333
333
327
322
322
324
324
321
319
319
318
322
319
317
317
320
322
313
293
278
260
242
220
224
287
387
468
509
504
459
431
434
419
385
357
341
337
337
330
326
325
327
326
321
317
318
317
321
318
315
314
318
322
322
318
317
320
324
323
320
320
321
325
326
323
323
324
325
328
323
321
324
326
329
326
326
325
329
334
333
330
330
334
338
339
334
337
339
344
347
342
343
344
346
345
340
337
336
336
334
330
325
324
324
323
319
314
315
316
317
317
314
316
317
321
319
315
313
316
318
319
313
312
317
320
320
317
314
313
318
318
313
313
315
315
319
317
314
316
315
318
316
312
314
317
319
318
314
314
316
319
318
315
313
314
318
317
314
313
313
315
318
313
312
315
318
318
317
314
313
318
321
319
315
315
317
320
320
316
316
318
318
319
315
316
317
320
321
316
316
318
320
322
319
314
315
319
322
320
316
317
321
323
322
318
318
321
323
323
320
321
326
332
334
335
338
342
352
355
352
348
347
344
338
333
327
325
324
322
317
314
313
318
317
317
311
311
315
318
317
314
315
310
297
282
260
247
229
231
283
366
421
455
477
468
441
424
414
392
369
345
331
327
326
326
319
317
316
317
319
317
312
314
316
321
320
317
315
318
321
321
319
318
320
324
326
324
322
322
327
331
329
327
327
331
331
331
331
332
335
339
337
336
336
339
343
344
343
339
343
347
350
349
350
353
357
358
354
352
351
353
352
348
343
341
341
341
338
332
328
329
332
330
325
324
326
328
328
322
323
325
329
327
325
323
325
329
330
326
323
326
328
328
326
323
325
328
330
327
325
325
327
329
328
323
327
328
330
328
325
326
328
330
330
325
324
324
327
330
324
321
326
327
330
327
322
323
327
330
327
323
324
326
329
327
322
325
326
329
326
324
324
323
328
329
324
323
325
329
330
326
325
326
327
330
325
322
324
328
329
328
323
326
329
330
329
326
325
327
329
328
324
323
327
333
334
330
333
337
342
349
350
356
360
362
360
355
346
340
337
336
331
326
326
323
324
323
319
317
319
321
319
317
317
320
320
321
314
304
291
277
261
241
226
243
325
408
458
484
485
458
436
426
409
382
359
344
333
326
323
322
324
319
315
315
314
319
318
314
313
316
319
319
315
313
315
318
321
319
316
317
323
325
322
320
321
325
327
326
324
324
325
329
327
325
327
329
331
332
330
330
333
335
338
335
335
336
341
344
342
342
343
348
349
345
342
342
343
342
336
331
330
331
330
329
322
319
321
322
321
316
316
317
321
321
318
315
318
321
322
319
317
317
321
323
321
317
319
321
322
320
317
318
320
323
321
318
318
322
324
324
321
321
322
324
323
318
318
320
324
325
319
318
317
321
323
320
318
319
322
325
322
318
318
320
322
320
315
315
319
321
322
318
319
318
322
321
318
318
320
322
324
320
318
318
320
325
322
320
319
321
324
321
317
321
323
326
323
321
320
323
326
324
321
319
322
326
326
321
320
323
326
326
321
321
323
327
332
328
330
334
337
346
349
353
353
351
354
347
336
331
329
333
330
322
320
319
319
320
316
315
316
318
319
315
312
314
318
317
307
289
273
259
240
216
217
285
388
470
511
505
459
425
422
412
379
353
336
328
324
319
315
316
318
317
312
308
310
313
314
312
307
311
313
315
311
310
311
314
315
316
312
315
315
317
318
316
316
319
319
323
319
318
320
321
322
319
320
321
326
328
327
326
328
328
334
331
329
332
337
341
340
337
339
342
344
342
336
335
336
334
332
328
325
325
325
323
318
315
317
317
320
314
311
315
318
319
315
314
315
317
318
317
314
314
316
320
317
315
315
317
320
317
314
313
315
319
319
315
316
314
317
319
316
313
316
317
320
318
315
316
319
319
317
314
315
316
319
316
312
312
316
317
317
314
314
317
317
316
316
314
315
318
318
317
315
316
319
322
317
317
318
318
319
316
316
317
319
321
321
318
317
321
321
321
319
318
322
323
324
320
320
323
325
324
320
318
321
324
323
321
318
321
324
323
321
320
321
324
326
322
320
320
324
326
325
323
325
329
334
335
333
337
344
353
359
357
351
350
348
343
333
330
327
330
328
322
318
316
318
320
318
312
314
314
317
317
314
314
317
312
299
279
259
240
218
218
267
367
454
511
520
474
433
427
417
389
359
337
332
331
332
326
320
318
320
320
317
315
315
318
320
320
317
317
318
321
320
318
317
319
323
323
320
318
322
325
326
325
322
323
326
327
326
321
326
328
330
328
324
326
330
331
333
329
329
334
337
338
334
335
341
346
347
344
344
346
347
348
343
338
338
339
339
333
327
327
327
327
323
319
319
319
322
320
315
314
318
322
321
317
318
320
322
324
318
317
319
323
323
322
320
318
322
321
320
317
319
322
325
323
319
320
322
324
325
319
319
323
324
325
322
320
323
323
327
320
320
322
326
326
325
321
323
325
325
325
320
323
326
327
325
320
323
325
326
326
321
320
324
327
326
323
323
326
327
329
327
326
325
328
331
326
323
326
326
328
326
321
324
328
329
328
322
324
327
331
329
325
323
328
330
329
326
325
328
329
330
325
324
328
330
330
328
326
327
331
335
334
334
340
345
351
357
355
356
356
356
349
338
334
335
335
332
326
322
322
321
323
320
317
318
323
323
319
317
319
323
323
312
293
277
262
244
222
228
295
386
455
496
492
460
435
433
415
379
355
340
337
334
329
325
324
325
325
319
317
319
321
322
323
319
319
322
323
322
319
320
323
326
324
320
322
324
328
326
324
324
327
329
330
327
327
330
333
333
330
328
329
335
336
333
332
334
336
339
339
337
337
343
348
348
345
345
350
351
347
343
341
341
342
341
333
330
331
332
330
324
320
321
322
324
320
316
316
320
322
317
316
316
319
322
320
317
316
319
321
320
317
315
318
321
322
318
316
317
321
322
320
318
320
321
325
321
319
319
324
326
321
316
319
323
325
323
317
319
322
323
323
320
320
323
325
322
320
317
321
323
322
320
318
320
322
325
323
320
320
322
321
321
319
320
322
325
324
318
320
323
325
323
321
321
323
323
326
322
321
325
327
328
324
322
323
325
328
327
325
326
327
327
326
324
325
328
329
331
327
330
334
338
340
343
352
358
361
361
355
348
344
339
335
330
326
328
326
323
321
319
319
321
320
316
313
316
319
322
320
318
317
310
296
279
257
243
233
251
323
399
444
474
489
471
441
423
409
388
366
344
333
331
330
329
323
320
318
320
321
318
316
317
321
322
322
319
319
323
325
321
320
320
323
328
329
326
325
327
331
331
327
326
327
332
334
332
328
331
333
336
333
333
335
340
341
340
336
340
343
346
349
347
349
351
353
353
352
353
351
353
350
345
341
341
344
342
337
332
332
333
333
328
326
326
327
327
326
320
323
324
328
328
325
323
326
329
329
326
325
325
326
328
326
322
326
329
330
325
324
327
330
331
326
324
324
326
330
329
326
326
327
329
330
326
325
327
330
330
325
324
326
330
330
328
325
328
329
331
326
324
325
329
330
329
323
326
329
332
330
325
327
330
332
333
328
328
331
331
334
330
330
333
335
335
331
330
331
333
335
333
331
331
334
337
334
331
333
337
340
340
338
342
345
354
360
361
363
367
369
365
357
349
345
344
342
336
331
331
331
331
328
324
323
326
327
326
322
323
326
326
326
320
306
293
276
258
233
225
272
368
445
492
509
489
452
436
428
404
377
357
346
336
331
331
331
329
327
322
323
325
326
323
321
321
324
327
326
323
323
325
327
328
324
323
328
332
331
327
327
330
333
333
331
328
330
332
335
333
331
332
336
337
336
334
334
340
343
343
340
342
345
349
350
347
349
352
355
354
348
348
349
347
345
342
337
337
338
337
331
325
326
325
327
325
321
322
323
325
324
318
320
322
325
325
319
317
322
323
323
321
320
322
323
323
322
317
318
322
324
322
317
319
320
324
320
317
319
320
323
319
318
318
320
322
319
318
317
317
322
320
318
315
317
321
321
316
314
315
320
321
316
313
316
317
318
315
314
315
318
319
320
315
315
317
318
319
316
314
316
321
321
317
317
319
320
319
318
316
318
319
321
318
314
319
324
324
326
326
330
336
345
350
350
349
349
350
345
334
326
325
325
321
314
311
310
313
313
309
307
309
312
313
308
308
310
311
313
299
278
259
244
221
202
220
305
408
486
520
498
446
421
423
403
368
343
330
326
324
317
313
313
312
312
309
305
308
309
312
307
304
308
311
312
311
308
308
312
314
314
309
311
314
316
315
315
313
317
318
320
317
315
319
323
324
323
320
322
323
327
325
322
324
328
329
329
325
330
334
338
339
337
338
341
343
341
336
333
335
335
334
328
325
323
325
325
320
316
316
319
320
317
314
314
319
321
319
317
317
318
323
322
318
317
321
320
322
319
315
319
320
324
319
319
320
322
324
322
317
320
323
324
322
318
319
322
325
323
318
320
321
324
323
320
319
323
324
322
320
319
321
323
323
321
319
321
321
324
321
320
321
324
325
322
319
322
324
326
325
321
321
323
325
325
320
322
323
323
325
321
318
322
324
326
323
322
325
329
334
335
336
341
348
355
357
355
354
354
350
340
330
329
328
327
323
316
314
316
318
317
313
314
314
317
316
315
314
315
314
300
281
260
241
219
212
247
339
430
494
516
486
439
430
422
399
369
343
334
332
329
329
320
320
319
320
320
319
318
317
320
320
318
315
316
319
323
320
317
320
322
323
322
319
320
325
326
326
324
325
328
329
328
325
325
328
329
333
329
328
331
333
335
331
329
331
337
338
338
338
339
343
347
347
343
344
346
346
343
336
336
337
336
333
327
325
326
325
326
321
319
320
322
320
317
316
319
320
321
319
316
318
320
323
321
317
318
325
326
326
320
319
322
325
324
320
318
322
322
322
320
319
321
321
325
320
319
320
322
322
322
317
319
320
326
322
318
320
321
324
322
317
319
319
322
322
317
317
320
323
323
318
319
320
323
321
320
318
319
324
324
320
318
317
322
322
321
319
320
324
325
324
319
319
321
327
328
329
333
338
343
347
348
352
353
353
348
340
331
329
330
328
320
317
316
316
318
314
311
313
315
318
316
312
313
315
315
308
288
273
257
243
228
230
291
372
424
456
471
454
434
426
415
385
357
341
332
331
325
320
319
319
321
317
315
314
317
316
315
312
315
316
316
316
313
312
316
320
322
319
316
319
320
325
319
318
322
323
327
324
322
324
326
330
327
324
328
328
333
332
327
329
333
337
339
337
336
341
342
347
345
344
344
348
349
343
337
339
338
338
333
329
330
328
330
323
318
319
323
326
324
320
319
322
323
322
319
319
322
324
321
319
317
321
324
323
318
318
321
321
324
322
318
320
320
323
321
316
318
321
324
323
319
319
320
322
322
319
319
320
323
323
321
318
319
322
324
321
319
320
323
323
321
319
320
321
323
320
319
320
322
322
321
319
319
323
325
323
319
318
322
325
325
322
321
326
332
335
336
337
340
348
355
353
351
351
349
343
336
328
328
324
325
320
317
314
318
320
318
314
314
316
319
318
315
314
313
309
294
274
256
245
228
236
299
381
431
462
477
456
430
424
417
393
365
342
333
330
331
326
321
317
317
319
319
316
314
318
319
320
316
315
318
319
322
320
318
320
322
326
323
322
324
326
328
327
325
326
327
329
331
326
327
330
332
333
330
330
333
335
335
333
332
336
337
341
340
338
343
347
350
349
348
349
350
350
347
344
341
344
344
340
334
331
330
333
331
326
325
327
329
328
323
322
324
325
327
325
323
325
327
329
325
324
325
327
330
327
322
321
327
329
327
325
324
326
330
329
326
323
327
329
327
325
321
325
328
329
326
325
326
328