307
350
373
331
308
356
371
315
318
369
367
308
327
372
351
299
336
368
333
297
347
364
316
305
356
362
306
320
369
358
309
339
375
344
309
351
369
329
308
357
358
314
318
364
355
305
329
374
350
307
349
376
333
310
366
379
330
337
388
387
337
355
395
378
328
365
394
360
315
354
369
312
294
344
342
294
304
349
333
283
309
349
320
284
331
352
304
280
337
346
291
299
346
339
281
309
362
333
284
328
356
314
300
370
405
395
466
558
483
301
258
291
280
238
290
338
299
270
327
346
302
285
345
350
289
302
355
337
285
317
354
327
287
332
359
310
294
340
351
304
307
357
349
291
318
358
335
292
329
355
319
286
348
352
312
305
357
353
300
314
369
347
294
329
362
324
292
333
352
307
297
346
348
295
315
358
345
289
323
365
339
295
341
362
323
302
360
377
333
329
386
379
323
350
390
370
322
360
387
344
306
343
349
299
289
342
336
288
299
344
334
275
313
344
315
277
327
345
299
279
340
343
285
299
348
332
279
313
353
331
280
328
356
324
316
394
449
453
504
494
361
229
242
303
297
255
312
348
312
282
334
359
307
297
352
353
293
307
355
341
290
326
365
327
290
343
361
322
301
350
354
300
315
360
358
295
321
363
336
304
344
367
324
303
351
367
312
308
368
361
304
331
371
345
295
339
370
325
291
345
358
311
294
354
357
300
318
358
346
299
335
373
340
298
347
368
323
310
358
367
310
321
371
355
300
334
382
354
317
367
391
353
325
373
389
339
335
381
375
309
324
362
337
280
325
358
325
288
336
356
303
293
348
349
295
314
357
336
287
322
361
330
294
337
359
311
296
352
362
308
308
357
356
306
352
417
435
449
545
503
334
248
285
311
282
278
344
344
294
318
361
345
293
339
371
332
296
351
370
324
306
359
365
314
322
369
358
300
336
370
345
306
352
372
326
307
368
370
314
321
373
362
311
338
382
349
308
350
378
346
312
363
378
324
321
369
366
309
324
365
348
299
335
369
340
297
348
367
314
309
361
373
312
322
375
359
299
336
380
344
298
348
378
333
306
357
378
320
324
378
380
324
347
389
364
319
360
392
358
319
372
376
309
299
352
350
290
305
355
336
282
321
357
319
285
345
353
300
287
347
353
295
299
353
337
285
319
359
335
286
339
364
315
289
345
356
311
340
409
444
445
508
490
357
240
270
309
283
256
324
346
294
294
354
353
297
316
364
345
288
333
371
332
295
345
368
322
303
357
361
307
318
369
353
305
332
369
340
299
344
373
326
300
359
367
307
310
363
359
303
329
377
350
302
344
372
336
306
358
372
317
307
365
359
306
322
371
353
300
335
372
337
297
355
377
330
315
377
370
313
325
375
365
315
346
386
360
319
370
397
354
329
384
394
337
335
387
376
310
333
369
342
286
324
364
325
287
336
351
298
291
347
348
291
298
355
346
281
314
357
325
288
333
353
311
294
345
356
302
307
361
348
298
342
406
400
400
512
558
413
284
298
308
256
265
329
330
278
306
359
340
290
334
366
329
299
347
368
319
305
361
362
302
315
369
356
295
332
366
339
297
349
369
317
305
357
366
311
311
361
353
296
327
366
343
298
351
380
331
310
369
379
323
321
376
367
305
330
373
349
300
345
384
340
301
356
377
326
316
371
371
322
334
378
362
314
357
406
368
334
380
406
359
333
391
400
344
345
396
372
306
330
368
337
284
335
361
317
285
339
352
297
290
346
345
286
309
360
336
284
322
354
331
290
338
358
308
295
348
356
304
314
362
352
321
372
446
477
490
505
409
280
227
291
313
268
280
347
336
283
311
365
338
288
331
362
324
296
349
361
302
302
358
359
304
316
365
342
293
332
365
333
291
343
366
321
301
356
362
297
317
365
352
301
329
368
340
295
348
374
339
305
361
366
306
312
368
353
297
330
366
345
290
334
366
328
299
352
370
318
312
365
365
308
328
379
361
302
340
374
341
300
357
380
340
330
384
389
334
340
393
380
322
352
392
357
305
345
363
323
290
338
351
292
293
349
343
290
306
353
328
275
318
351
316
283
336
354
297
287
347
347
285
307
355
341
283
322
368
331
282
340
383
356
364
476
549
482
377
331
285
232
280
333
315
274
330
354
316
290
347
363
311
304
358
357
304
321
366
344
305
339
366
328
301
357
379
320
308
365
359
307
328
376
353
302
340
376
347
299
351
379
332
314
365
369
316
319
375
362
310
332
374
345
297
345
371
330
300
352
365
315
310
358
360
300
317
369
347
299
346
373
336
303
357
374
326
314
368
368
307
321
374
355
305
341
383
359
318
370
402
352
317
383
387
332
336
390
378
315
330
367
339
284
334
362
325
289
335
351
305
298
352
347
291
308
353
336
288
324
359
321
287
339
358
310
297
349
352
298
307
363
349
293
324
381
369
350
446
546
518
395
338
303
242
255
321
325
275
312
351
327
288
335
363
318
291
348
362
312
302
362
357
298
317
369
352
289
334
368
330
293
347
369
315
299
362
372
304
314
366
356
300
336
371
342
292
345
371
332
307
357
365
323
306
371
363
301
332
368
341
294
337
368
329
292
346
365
313
305
359
353
302
321
367
354
300
335
375
337
297
348
370
328
304
355
363
301
308
361
358
297
321
367
339
293
344
376
337
317
368
379
327
331
380
374
321
347
377
342
288
325
358
318
285
331
343
301
293
339
345
292
300
339
326
286
324
353
318
285
331
348
306
299
344
342
295
308
358
336
296
325
359
329
303
362
404
395
429
535
529
368
279
305
289
249
284
334
319
283
328
354
325
303
347
355
322
303
350
356
304
325
359
344
299
335
364
337
301
351
365
319
304
357
361
306
319
362
352
303
331
364
341
303
347
363
325
308
352
366
327
318
364
364
315
332
366
349
310
341
364
341
309
351
359
314
309
357
358
314
326
367
349
302
338
371
338
311
351
368
328
312
357
360
319
330
374
369
327
351
388
365
330
360
378
347
328
374
371
316
309
348
343
295
305
347
330
287
316
340
315
286
327
339
299
289
333
334
290
305
345
328
286
314
344
323
287
329
346
312
297
340
351
306
320
386
403
400
485
549
445
291
280
294
266
255
311
333
296
294
343
334
294
318
348
334
301
328
352
322
297
339
353
324
307
347
348
299
318
351
344
302
328
354
333
296
342
368
329
302
346
352
307
317
360
350
304
326
364
348
306
347
369
335
302
346
364
319
308
352
349
306
320
354
345
299
336
363
332
303
343
361
327
311
351
362
315
323
362
360
310
333
362
339
310
354
371
342
330
372
380
343
347
382
372
328
354
388
366
319
344
366
327
298
339
346
311
301
344
340
299
313
349
336
294
322
349
328
293
337
351
311
297
343
347
305
315
352
347
300
327
356
336
302
349
368
348
349
435
509
517
466
392
308
244
268
322
313
283
324
358
326
303
343
359
322
309
358
363
317
325
363
353
309
338
370
342
310
347
368
333
312
358
366
324
323
364
367
316
332
372
349
312
352
374
338
314
359
368
325
323
370
369
323
338
372
353
314
351
369
334
303
350
365
322
312
356
358
318
321
363
357
313
338
368
345
314
351
369
331
324
362
367
322
326
366
356
309
335
373
356
321
367
388
356
338
372
379
340
336
380
383
331
333
358
343
299
329
344
322
293
335
357
305
292
340
343
295
309
353
332
288
318
351
326
292
332
349
316
295
342
351
309
309
348
341
304
318
364
360
341
416
501
532
462
383
315
250
254
310
316
282
301
351
332
294
333
358
325
305
344
355
323
309
352
348
307
320
355
344
304
331
365
344
300
344
369
328
307
353
361
316
312
359
355
307
334
366
349
315
340
366
341
313
355
373
328
312
363
366
314
330
365
351
304
335
362
336
302
344
362
322
311
354
362
318
327
362
355
317
336
367
347
314
349
370
339
313
354
362
324
319
362
364
324
344
381
366
328
361
391
356
329
371
389
344
324
360
358
304
318
348
338
295
322
351
327
290
331
351
314
297
341
342
306
306
346
336
291
317
353
330
295
331
356
322
294
342
355
312
315
356
353
329
357
445
489
493
474
390
291
245
284
310
283
280
328
339
299
309
355
344
293
326
361
337
301
346
360
331
307
347
353
317
319
364
352
309
329
359
341
303
347
368
335
307
350
359
321
311
352
354
309
328
358
348
305
344
373
340
311
349
369
332
318
356
361
317
325
359
352
305
333
370
338
305
348
371
338
319
360
365
322
334
371
358
316
338
370
349
316
351
383
357
335
376
392
348
339
382
381
335
350
383
363
313
336
360
332
295
336
352
314
303
341
342
299
304
344
336
295
321
354
326
289
329
361
322
299
341
353
312
309
354
349
307
325
361
344
306
360
402
399
426
540
553
401
290
300
293
263
285
330
329
290
328
355
335
304
343
361
321
309
355
361
316
326
364
353
311
332
365
349
308
344
364
332
311
358
364
324
324
369
355
309
334
369
350
310
345
363
342
314
356
371
335
326
364
363
323
333
370
352
307
338
363
338
309
345
363
324
307
351
362
320
322
364
353
311
337
372
352
312
347
366
340
312
359
362
320
324
364
357
321
342
384
370
335
358
389
358
330
369
385
349
334
362
360
307
312
348
337
296
320
346
322
290
325
344
313
299
340
338
295
298
345
336
294
311
345
326
290
326
349
319
300
339
352
311
305
346
344
311
347
411
431
451
524
500
352
252
284
298
273
270
331
337
299
310
350
337
298
328
358
332
304
334
359
323
301
345
351
308
309
353
345
308
326
361
338
305
339
357
325
298
343
355
315
309
352
350
308
326
358
347
302
339
364
339
313
351
357
324
310
356
354
307
316
356
345
297
327
358
336
303
336
357
321
312
345
359
316
315
354
354
310
328
361
343
308
343
361
334
306
351
365
322
320
367
385
330
343
380
368
322
356
385
359
326
355
364
323
304
340
340
298
304
342
334
287
312
343
322
290
326
346
308
289
329
335
299
294
340
331
287
312
348
332
287
323
349
322
290
332
355
311
319
376
410
417
501
537
418
271
262
299
275
250
304
334
302
289
338
347
304
308
347
344
305
323
350
329
294
330
355
321
302
347
347
309
306
350
345
314
324
355
338
302
332
355
330
299
345
359
317
308
353
352
319
323
362
350
309
337
361
341
311
348
360
329
309
348
353
311
319
360
349
304
329
357
346
307
340
363
334
310
354
365
319
323
369
356
310
324
366
352
319
349
371
348
323
366
384
342
328
369
382
335
342
379
362
305
325
354
325
295
332
345
312
287
332
346
302
297
340
340
302
310
344
326
287
325
354
312
285
332
347
306
297
348
343
301
309
352
341
298
342
389
387
403
512
549
414
303
297
300
252
272
319
319
280
311
347
327
291
335
360
322
299
346
356
313
308
359
353
307
325
363
343
304
337
363
333
308
351
364
324
307
363
358
313
338
367
351
312
338
368
342
314
353
370
333
321
367
373
325
327
368
358
311
340
371
340
310
345
364
333
308
357
364
320
328
365
362
316
332
371
354
315
352
371
345
322
362
371
335
325
369
371
337
349
391
383
341
368
391
370
336
375
390
359
332
358
361
313
319
351
348
300
323
350
331
295
330
352
316
294
342
352
307
305
345
350
306
311
353
337
298
333
357
328
300
343
356
317
314
353
371
346
379
469
523
503
429
344
279
238
288
327
298
287
333
345
312
316
357
347
306
323
359
344
299
333
360
331
308
348
356
319
323
357
357
308
326
365
344
304
336
365
338
307
353
368
325
313
364
363
320
333
362
354
310
335
371
355
311
349
375
329
306
362
367
315
316
362
349
306
326
362
347
305
339
370
335
318
349
362
328
323
365
366
322
336
368
355
310
343
372
340
310
352
368
323
315
361
366
327
339
390
378
331
353
382
359
331
368
383
350
320
351
350
308
306
347
341
288
305
342
322
287
321
344
311
285
327
345
302
293
337
337
288
303
346
329
286
320
346
324
297
331
347
302
300
347
362
335
367
453
511
488
424
354
278
225
280
315
289
278
329
342
302
310
347
342
298
314
352
335
291
334
359
321
296
342
358
311
314
360
351
304
320
357
344
306
333
359
332
300
341
360
328
307
356
363
309
324
364
345
308
331
366
341
309
342
365
329
305
354
358
315
307
353
348
300
325
359
343
299
334
356
333
308
352
365
328
317
363
361
317
329
365
351
308
339
369
345
306
347
366
335
324
372
374
339
342
382
368
327
354
388
368
330
358
368
328
305
346
352
310
302
346
341
296
318
350
337
297
328
357
327
295
338
352
317
305
348
347
305
320
352
343
304
332
363
342
310
349
360
335
342
405
447
463
518
515
383
273
282
306
305
270
315
347
322
298
344
356
320
315
362
353
313
329
363
350
313
338
369
340
307
345
362
332
320
359
356
315
327
367
352
308
339
364
342
303
344
364
337
310
353
359
316
317
361
358
320
333
370
349
310
342
368
338
310
351
359
322
313
357
358
315
324
362
352
309
341
370
344
313
355
372
336
319
362
362
319
333
369
364
326
354
387
370
332
365
392
353
334
379
387
339
328
358
349
298
321
351
334
291
327
356
321
289
335
347
307
295
344
340
298
304
346
334
294
322
347
323
293
335
354
318
301
342
350
309
314
369
378
361
428
533
540
403
330
307
264
251
303
322
288
292
348
343
298
315
350
343
302
329
355
330
302
343
357
320
312
356
354
308
324
370
343
299
333
360
339
307
343
358
326
314
355
359
316
320
356
356
308
334
366
346
310
347
368
334
307
355
366
312
307
357
356
305
317
352
338
301
333
362
334
304
351
353
323
314
360
367
314
327
363
352
310
337
366
339
315
354
372
332
313
352
369
333
338
382
376
329
348
381
365
327
362
391
353
318
349
350
309
301
342
343
303
312
347
328
286
321
345
316
295
335
345
305
294
340
340
301
305
343
339
294
320
351
331
296
332
350
327
305
352
381
354
389
488
545
468
368
317
273
237
289
323
301
283
335
347
313
303
346
348
305
317
352
335
294
326
355
335
295
345
364
320
302
340
348
310
323
357
344
306
327
357
340
303
340
361
329
309
351
358
324
315
358
355
305
322
364
349
311
343
369
332
301
344
356
316
316
352
349
300
314
347
348
306
330
357
336
303
341
360
324
308
355
361
316
321
357
353
312
331
362
346
305
338
361
329
312
356
371
337
330
375
374
337
350
387
366
326
358
380
345
301
338
356
312
296
344
339
294
308
345
334
290
320
344
323
290
327
352
317
293
336
348
301
302
346
337
296
321
350
338
297
332
353
322
299
356
384
361
401
511
560
434
328
308
285
238
288
331
308
282
330
345
308
306
346
346
301
313
356
342
297
332
360
334
296
337
364
325
306
344
352
314
317
361
351
307
323
355
338
300
345
361
330
309
349
356
324
314
356
359
317
329
369
354
311
345
367
338
311
351
364
329
314
356
356
310
318
362
353
306
327
368
349
310
353
366
336
315
355
363
326
323
368
363
319
333
377
363
327
361
390
357
328
372
385
345
340
382
378
326
329
369
351
301
324
354
326
297
337
352
315
298
341
350
304
310
351
342
302
322
353
327
292
328
357
323
299
344
352
312
306
358
352
306
325
388
377
362
448
551
520
385
331
313
261
256
317
329
292
308
349
342
305
327
352
331
301
340
360
322
302
347
354
313
314
355
353
304
324
364
343
304
338
362
332
308
351
365
316
321
365
355
309
332
370
352
306
341
370
341
317
360
370
334
317
356
366
318
325
360
348
303
331
365
335
304
346
365
328
303
362
363
318
325
368
358
309
337
372
350
310
355
370
336
310
353
373
328
321
359
356
308
324
365
350
306
344
380
358
329
368
386
349
334
378
381
335
336
376
358
301
326
358
331
295
332
356
318
294
344
348
305
303
346
343
292
315
353
330
289
337
353
319
297
342
353
307
308
353
351
302
317
353
356
332
393
455
481
495
478
383
271
241
298
317
281
298
347
338
296
328
358
331
295
340
362
323
302
352
353
312
311
356
348
302
325
358
349
302
338
364
329
303
354
361
325
314
360
363
315
324
368
356
314
345
373
346
318
358
372
335
321
364
364
315
317
361
347
308
333
363
333
309
339
361
327
307
351
358
314
308
357
364
313
324
367
355
307
343
372
341
308
353
371
323
306
360
371
320
318
365
356
309
339
383
360
322
368
391
341
321
375
382
339
338
379
367
306
323
356
333
291
327
353
318
285
340
350
309
295
345
346
292
308
353
337
285
320
358
329
289
333
357
313
290
345
352
299
312
360
344
297
345
401
407
421
527
544
391
265
288
296
259
268
327
334
283
304
353
334
288
328
363
325
298
344
362
312
301
353
351
305
318
359
348
300
330
357
339
301
343
363
327
306
355
359
308
312
362
354
310
328
369
350
302
349
375
337
311
361
378
321
314
363
365
311
328
370
351
311
339
368
338
303
346
365
324
310
361
363
314
327
372
360
305
337
383
349
308
356
373
336
316
373
381
337
347
394
382
328
353
398
371
324
363
386
341
307
351
365
307
306
361
360
294
310
358
337
285
327
362
324
286
334
366
313
289
348
358
302
306
356
349
293
320
365
338
297
340
360
323
324
389
436
432
490
544
433
286
267
310
292
255
306
342
307
285
342
368
314
300
355
355
299
321
366
344
294
332
370
340
296
346
371
321
308
358
364
305
313
362
351
300
330
367
342
298
341
363
325
301
354
364
313
314
367
364
307
327
372
357
301
343
369
334
299
350
363
314
304
360
359
303
316
360
354
307
338
370
334
308
351
364
328
316
359
361
317
327
378
364
319
356
392
367
334
374
386
347
332
381
382
332
336
371
350
297
320
357
333
294
333
359
319
292
335
346
303
304
346
339
293
309
350
329
290
321
356
329
292
339
354
309
299
347
358
300
308
365
377
344
402
508
538
453
377
320
262
242
304
324
285
289
344
349
302
318
360
337
294
335
360
329
301
342
359
318
310
352
353
307
326
363
343
296
334
363
334
301
348
365
326
310
356
356
314
321
369
356
303
332
367
343
310
349
370
333
309
367
365
315
310
348
347
300
321
354
337
301
331
356
324
299
348
359
324
305
349
349
312
328
361
344
307
337
366
341
313
350
366
327
311
356
357
314
326
373
368
323
355
390
367
321
358
383
355
329
364
376
319
309
353
340
295
313
349
326
290
321
344
318
288
323
343
305
298
345
342
297
304
343
333
285
317
352
321
289
334
353
324
304
345
350
308
321
379
395
388
481
557
472
313
283
297
269
261
321
339
299
297
343
341
297
316
360
344
296
329
357
334
302
345
361
321
304
347
349
308
317
364
345
304
333
363
341
306
346
368
335
314
352
362
321
318
366
358
316
336
368
349
309
354
374
340
308
351
363
320
309
352
352
304
313
353
339
301
330
359
330
302
345
356
317
307
356
359
311
317
356
345
298
331
363
346
304
340
361
325
307
348
353
306
316
362
359
317
349
378
361
318
356
384
349
324
368
377
328
311
346
350
300
307
344
332
285
318
345
318
283
325
344
305
297
333
342
292
302
342
329
287
314
346
321
288
330
350
308
298
338
348
305
303
353
365
339
400
500
532
453
364
316
265
234
297
321
287
287
333
338
298
308
353
346
301
330
351
329
305
344
356
319
303
352
354
308
316
361
349
304
326
356
335
307
343
359
328
308
347
356
313
315
359
351
303
323
361
341
310
343
371
344
310
355
365
322
311
355
357
310
320
359
341
301
335
363
333
297
340
362
322
310
361
365
316
317
364
357
314
338
364
345
308
350
376
346
327
379
391
340
335
385
383
336
351
376
357
312
337
362
325
291
339
348
309
306
342
341
297
308
348
331
289
317
349
325
295
335
346
318
300
339
350
309
311
351
344
301
328
357
339
297
356
383
367
384
500
565
455
337
316
293
246
271
330
317
278
328
351
320
296
341
358
319
306
359
360
307
320
359
350
307
333
365
346
308
342
363
329
308
356
363
319
325
358
350
310
333
367
350
313
347
362
331
309
361
367
326
323
371
364
318
334
368
355
308
340
365
338
304
348
363
322
318
361
363
313
322
366
355
315
341
367
344
317
353
366
339
320
364
375
332
337
383
374
338
356
386
367
331
364
385
361
318
354
368
317
305
346
343
296
312
353
335
291
326
351
322
295
335
342
306
299
342
343
298
305
349
342
297
330
355
329
297
342
360
320
301
351
378
351
375
465
526
496
430
358
288
237
286
323
299
284
335
348
314
311
360
352
302
314
362
344
308
345
366
338
309
352
365
324
310
357
362
314
319
365
354
312
342
372
345
307
353
375
341
319
362
364
323
327
371
367
314
345
379
356
317
349
368
344
316
355
366
322
315
360
362
307
329
363
350
310
338
363
333
310
355
366
328
314
362
361
314
325
367
357
313
339
365
345
317
368
386
359
340
377
382
339
341
375
377
335
349
374
342
302
334
354
329
298
337
347
308
302
347
342
296
312
353
337
290
322
356
327
293
337
355
314
301
347
356
307
314
358
343
304
330
360
344
323
389
439
462
499
517
405
278
249
293
305
276
308
342
333
293
327
360
328
314
347
351
313
310
354
356
308
329
367
349
310
343
370
338
309
348
367
329
314
358
360
315
321
365
359
311
339
376
347
309
341
365
336
316
357
368
322
322
367
354
317
326
363
345
307
337
359
328
296
345
353
316
311
357
354
311
324
359
351
305
338
368
341
304
348
367
330
312
355
369
333
335
378
367
330
363
383
364
327
364
387
351
332
371
369
319
308
347
344
296
309
345
333
285
315
343
315
283
335
341
303
293
339
343
295
305
344
334
287
317
347
326
292
330
355
311
305
347
351
314
342
395
420
439
525
519
382
256
272
298
284
266
321
335
299
296
350
341
301
324
357
340
300
337
356
325
297
347
362
317
303
349
355
311
320
365
351
305
331
363
339
304
343
362
327
310
349
355
312
320
360
346
305
329
363
342
311
345
364
336
310
362
367
319
314
352
350
311
325
356
340
299
339
360
333
309
354
365
328
317
362
369
313
321
362
354
306
352
384
360
328
371
389
353
337
375
384
338
338
374
360
309
330
361
332
289
329
352
317
292
344
349
307
303
345
338
288
313
353
333
294
323
351
319
294
340
358
318
305
348
349
304
320
360
344
306
349
398
400
429
524
545
398
288
304
296
260
278
326
324
293
314
351
336
298
338
358
331
303
346
367
319
311
353
352
314
327
362
349
304
339
367
337
305
357
361
325
317
362
363
311
318
372
356
309
339
364
343
315
353
372
335
325
364
365
322
329
366
358
309
336
371
347
304
341
368
334
307
358
374
326
319
365
367
322
341
370
359
320
349
372
346
323
364
392
354
342
388
389
343
350
399
382
336
361
392
358
317
352
363
320
312
353
356
304
312
350
347
303
320
354
339
299
334
354
321
300
344
351
316
313
353
343
307
322
354
340
303
337
360
332
306
363
398
378
415
526
557
421
316
305
280
251
294
335
316
290
335
353
327
303
347
351
309
313
355
345
303
321
365
338
299
338
357
328
304
349
354
316
315
359
353
304
330
362
347
308
333
365
336
305
347
366
327
314
363
367
318
328
362
358
318
341
364
340
306
342
361
329
312
347
356
314
313
361
355
305
328
358
346
309
345
368
338
308
357
365
324
324
364
364
315
331
370
364
326
367
392
356
330
371
392
349
333
381
384
330
327
360
345
294
320
346
331
297
323
355
317
291
340
350
303
304
342
340
296
315
346
326
291
332
357
319
296
343
357
309
304
350
345
304
320
357
357
336
394
474
517
485
425
332
260
240
299
319
280
299
340
333
294
323
356
335
298
335
352
319
302
346
351
318
310
353
347
301
326
358
344
300
332
359
322
297
346
362
315
307
353
350
305
328
357
344
297
333
362
337
304
342
366
324
306
357
359
308
313
352
341
297
329
354
324
291
334
352
319
301
345
351
306
312
349
347
306
319
357
339
297
335
361
328
298
341
363
315
305
355
362
319
332
376
364
320
349
380
350
327
359
373
337
319
347
343
305
303
339
331
287
310
347
321
276
318
341
310
282
328
336
290
289
340
333
285
304
344
323
281
323
346
313
286
333
346
306
296
339
344
322
360
436
482
481
468
387
294
231
275
304
280
273
325
334
294
302
349
331
296
327
352
323
292
331
350
320
296
340
352
307
305
356
346
300
320
357
337
298
335
356
325
300
344
355
320
307
354
353
307
322
360
342
303
336
367
334
306
346
367
322
306
354
356
316
313
357
350
300
323
358
334
297
337
363
329
306
348
375
320
316
358
360
312
335
364
349
317
355
380
353
328
382
385
341
339
378
383
332
343
379
361
305
329
353
326
297
341
355
308
289
342
345
297
304
352
341
286
311
350
328
294
333
353
313
296
343
347
307
308
355
346
296
320
361
343
303
356
405
395
427
535
543
395
294
299
290
252
285
328
319
286
326
359
331
296
341
360
331
309
356
355
310
323
361
353
308
338
371
348
313
351
373
336
320
363
369
326
322
366
365
313
339
378
355
316
347
378
345
316
367
378
339
327
376
373
320
338
382
361
312
349
375
344
314
358
377
333
313
359
371
328
321
367
361
317
345
374
348
317
355
372
342
321
361
372
332
331
378
378
333
355
397
372
322
363
392
370
330
376
382
331
310
359
349
303
311
349
339
288
326
356
327
289
343
357
310
294
346
356
301
298
350
340
296
319
358
340
294
336
359
327
304
351
366
321
324
385
400
395
477
575
494
318
291
305
282
266
314
345
307
302
352
361
312
324
362
353
306
336
369
342
307
348
368
328
315
366
363
313
321
368
367
312
335
370
345
309
361
370
337
313
354
367
324
324
378
361
311
336
373
350
314
350
374
341
309
358
370
320
308
358
361
308
319
362
344
302
336
361
336
306
345
362
328
312