325
329
338
333
335
338
331
340
335
342
344
366
467
421
309
343
344
336
340
337
336
344
338
342
338
339
340
335
337
333
335
330
329
327
327
333
332
336
329
335
332
331
333
331
334
334
339
335
339
340
335
340
335
340
334
337
335
330
335
329
335
329
330
331
325
330
327
333
328
331
330
321
321
327
335
330
338
336
335
339
338
344
334
392
523
411
285
340
329
322
326
321
321
321
319
325
318
320
317
320
320
318
319
313
318
310
314
316
317
317
315
317
310
316
315
316
319
316
323
319
325
323
322
323
321
323
318
324
317
320
321
320
324
319
323
319
321
321
319
322
319
321
307
313
317
318
322
318
324
316
323
323
324
318
358
517
399
264
318
316
314
314
319
313
316
312
316
315
315
320
317
320
317
319
317
315
314
310
318
312
314
311
309
309
307
310
306
308
307
308
308
304
308
304
305
300
300
299
296
300
293
298
295
294
294
293
296
292
296
293
295
293
284
290
290
298
292
295
294
287
293
294
297
287
330
483
376
231
288
294
281
288
287
286
287
284
290
284
293
292
294
295
296
297
295
300
296
302
305
305
307
302
306
303
306
304
307
312
313
317
314
319
318
322
323
322
327
326
332
329
331
333
332
336
336
340
338
340
342
340
344
334
336
340
344
346
347
352
347
353
351
354
350
361
524
470
299
326
356
343
347
350
347
352
347
353
351
354
352
354
356
354
357
354
356
356
358
363
359
361
357
355
352
353
357
355
360
358
362
359
360
364
359
363
359
360
357
359
357
354
361
355
360
355
359
357
354
358
346
350
353
359
356
357
361
354
359
355
358
355
372
530
445
290
331
353
342
346
349
344
347
340
347
342
346
347
344
349
344
349
344
348
348
346
351
346
350
341
341
340
339
343
338
343
339
342
342
344
345
340
345
338
342
338
338
340
335
339
335
340
334
333
336
330
329
325
336
339
338
339
338
340
335
342
339
339
354
510
429
270
318
331
328
329
328
331
327
329
327
333
331
332
334
334
338
334
337
334
334
336
336
338
331
332
327
328
329
328
331
330
333
332
335
334
333
336
332
335
329
334
331
332
335
330
336
329
333
329
331
327
320
328
331
336
333
337
335
331
337
333
339
332
460
474
305
288
333
324
322
328
324
323
328
325
329
324
328
328
328
332
328
334
329
333
332
334
335
329
330
322
326
323
325
325
326
331
328
333
329
333
330
328
331
326
332
325
329
328
326
330
326
330
324
328
322
317
322
327
334
331
336
329
332
336
334
339
329
422
491
336
268
329
324
319
326
321
323
322
323
328
326
330
326
330
331
328
333
329
335
330
336
335
333
330
324
326
323
327
327
328
328
329
335
329
334
331
333
329
329
332
329
334
327
332
332
330
333
330
333
318
324
329
332
334
333
336
330
334
333
334
334
365
511
399
262
317
327
322
322
324
322
327
322
328
327
327
333
330
335
331
333
332
332
335
334
338
333
334
327
326
329
325
330
326
329
328
331
333
329
334
329
331
330
330
331
327
335
329
334
330
331
330
329
320
321
332
330
335
334
334
334
333
338
334
340
348
495
439
272
310
331
326
324
325
329
324
330
327
331
331
332
333
332
337
333
339
335
335
338
338
338
332
334
327
327
325
325
328
326
329
329
333
332
333
333
330
335
331
332
331
332
332
328
334
330
332
329
330
322
320
328
329
336
332
337
330
330
337
331
343
338
474
457
289
293
330
323
319
326
323
324
324
322
326
325
327
328
328
332
329
334
331
332
331
335
334
328
328
316
320
317
319
320
317
323
319
325
322
324
325
325
324
322
325
321
324
323
324
324
321
327
323
328
323
324
325
320
316
317
329
329
330
329
324
327
326
331
329
334
380
500
370
252
322
317
317
317
318
321
318
324
320
323
323
326
327
324
329
327
334
330
332
334
332
334
325
327
318
321
319
319
324
320
327
326
329
329
329
330
326
333
325
329
326
326
329
326
330
326
331
329
328
328
327
330
327
329
328
327
321
321
328
329
334
334
334
330
331
335
331
341
343
491
439
274
300
327
324
319
324
322
323
325
324
327
322
330
327
330
330
331
336
331
335
330
336
336
331
329
323
325
321
322
323
323
330
324
332
331
333
330
330
333
331
335
331
332
332
332
333
331
332
328
335
333
333
334
332
336
333
337
331
334
333
330
329
320
329
329
336
334
334
336
334
337
332
338
335
411
502
345
265
329
327
323
324
327
325
329
326
331
328
328
330
329
333
331
335
332
336
337
338
339
332
335
326
327
324
322
327
322
329
324
330
329
332
333
332
335
332
337
330
333
333
331
336
329
330
329
330
331
329
331
327
334
327
331
330
331
334
323
321
322
330
333
334
334
328
330
327
331
332
334
373
487
382
255
313
322
320
323
321
328
320
327
323
324
325
330
331
328
335
334
337
339
336
340
336
338
333
334
327
324
325
323
329
324
332
330
331
335
334
338
333
340
336
336
336
334
338
335
339
334
337
335
336
339
335
338
334
335
332
327
327
330
335
332
337
335
329
334
331
338
334
345
489
457
290
293
332
317
326
325
325
326
322
324
323
325
324
326
325
327
329
326
329
326
329
326
330
331
322
324
318
324
321
321
322
321
326
325
329
328
330
328
327
330
325
328
325
326
326
324
329
326
330
326
331
327
327
330
326
332
327
329
328
324
323
321
333
330
332
333
334
334
332
337
335
335
420
534
356
269
333
318
322
320
323
322
324
324
323
325
324
329
328
329
331
329
334
330
333
330
333
332
330
330
325
327
322
324
327
325
331
328
331
330
331
331
332
332
329
334
329
332
329
328
333
328
333
329
329
328
331
331
330
331
329
331
332
329
328
320
327
327
331
328
331
329
327
333
327
333
331
373
501
389
256
311
328
318
319
324
325
327
322
328
324
329
328
331
330
327
331
330
334
334
333
335
332
332
327
326
324
323
322
323
325
324
328
326
331
329
327
329
325
327
323
326
327
325
325
326
331
325
328
325
326
325
327
330
325
327
312
322
325
325
329
327
329
326
328
332
332
328
402
466
351
256
318
322
322
321
324
325
324
324
324
327
328
327
328
331
331
334
333
334
336
337
338
331
332
330
325
325
321
326
325
329
327
331
334
331
333
335
334
331
333
335
333
334
334
332
332
333
335
337
335
333
336
335
334
335
324
331
334
339
334
339
335
335
336
337
340
337
411
500
369
266
331
334
325
328
328
328
331
329
332
330
333
333
336
335
333
335
331
336
333
334
337
334
334
335
332
329
330
328
329
332
334
332
333
337
336
335
338
337
337
338
338
336
333
331
333
335
335
335
333
332
332
331
334
336
333
327
327
331
335
335
336
337
334
336
336
338
337
341
507
504
310
308
331
318
317
322
318
319
318
320
318
318
321
320
321
319
316
317
317
319
318
323
324
325
326
322
323
321
321
320
322
321
323
325
325
327
327
323
326
323
322
323
324
322
324
321
322
322
319
322
320
320
320
322
323
322
321
315
313
315
321
324
326
326
325
325
321
327
327
320
430
516
341
278
329
312
311
312
314
313
312
314
312
312
317
315
315
314
316
316
315
318
318
320
321
322
320
319
319
317
320
317
322
317
320
321
322
324
329
326
325
326
324
326
328
326
325
325
326
325
325
325
325
323
325
323
327
326
323
323
318
322
329
326
329
331
326
329
329
332
332
331
434
465
335
272
332
319
321
326
322
323
323
323
327
323
325
327
328
328
327
331
329
332
327
330
332
331
331
326
327
325
324
326
330
331
332
331
333
334
338
336
336
337
334
334
336
335
335
333
335
336
335
334
336
334
334
337
333
326
326
331
333
337
337
332
336
336
337
337
334
361
499
415
285
324
331
323
324
324
324
324
325
325
326
325
328
328
327
325
325
325
327
327
328
326
329
326
329
326
326
326
327
326
327
328
329
331
333
330
333
333
334
334
334
334
332
333
331
333
332
333
333
334
335
334
335
332
327
325
330
334
334
338
335
336
338
337
339
339
340
483
494
322
307
337
320
324
323
327
324
326
323
323
325
324
326
326
324
327
325
324
323
325
327
329
332
332
332
330
330
326
330
330
331
331
331
336
334
336
336
332
335
334
335
336
334
334
334
334
334
336
335
336
334
335
335
332
328
329
332
335
335
335
337
335
337
338
336
332
350
536
474
287
329
328
320
323
322
322
322
322
321
321
320
323
322
321
323
320
320
318
319
320
320
324
325
326
324
323
320
324
326
327
326
328
328
329
329
331
331
330
327
326
329
329
328
329
331
329
329
328
331
330
330
332
331
333
322
323
327
332
331
333
333
332
333
332
334
333
339
513
489
292
318
325
317
317
322
320
320
320
320
319
321
323
325
325
325
326
325
325
328
325
329
330
330
330
326
327
326
326
324
329
327
331
331
328
330
330
331
330
331
329
331
331
330
332
328
330
330
330
332
329
332
330
330
329
329
320
320
328
327
329
330
331
327
327
331
329
323
347
524
443
270
322
318
314
314
316
317
316
317
318
318
319
323
321
321
324
321
322
321
321
321
327
328
328
327
325
323
325
328
329
329
330
330
330
331
333
332
332
333
332
333
332
332
331
328
334
331
332
332
333
333
333
333
336
335
328
326
326
338
337
336
338
334
334
335
337
336
327
453
512
324
292
336
321
324
325
326
325
322
324
323
325
327
327
328
328
327
328
327
327
325
327
328
326
322
323
318
319
321
321
320
319
322
326
325
327
324
329
328
326
326
323
325
326
329
324
325
325
327
326
329
327
328
330
326
320
320
324
328
331
332
332
329
329
329
333
332
335
490
465
286
301
332
319
322
319
323
321
323
322
322
324
325
326
327
328
329
329
328
327
327
330
331
332
330
330
329
330
331
333
337
335
337
337
339
337
338
337
337
338
337
336
335
337
338
337
338
336
337
338
337
336
335
328
330
336
337
341
342
341
339
341
342
342
334
365
530
429
272
329
330
324
328
326
327
325
326
327
328
326
329
327
328
328
327
327
325
326
327
332
330
330
329
325
324
324
324
325
327
329
328
329
330
330
330
329
329
329
328
327
326
328
327
329
331
329
329
329
326
317
321
328
335
330
332
331
331
331
334
333
322
400
529
373
268
334
318
321
324
322
323
322
323
326
326
327
325
329
326
328
325
326
324
325
329
328
328
329
324
325
323
324
326
330
327
332
333
331
333
335
333
333
335
333
333
333
333
335
334
335
334
330
324
325
333
336
335
337
332
334
335
336
336
328
436
525
338
283
336
319
322
323
326
324
321
322
322
325
323
324
326
327
327
329
326
325
326
329
329
331
329
327
322
323
324
326
327
330
331
331
333
331
332
332
332
335
329
332
331
331
332
333
331
322
322
329
335
334
334
335
332
334
333
335
329
353
521
433
265
320
324
317
323
323
322
324
325
324
323
325
327
327
326
326
328
325
328
328
329
333
329
331
326
326
324
322
325
326
330
327
331
332
331
335
332
334
334
333
331
330
332
330
333
329
329
321
320
325
331
334
331
334
329
331
330
332
337
332
480
483
295
300
329
320
319
322
322
324
322
321
324
321
324
323
325
324
325
326
327
328
327
330
329
327
327
323
324
324
325
323
326
325
327
329
329
331
326
330
328
328
328
327