337
340
336
332
329
329
330
331
330
331
330
331
331
332
332
331
330
331
330
331
331
329
331
331
331
332
327
325
327
330
331
334
337
339
340
340
341
341
348
352
354
353
354
357
360
362
359
359
363
367
369
368
368
370
372
371
369
370
371
375
378
377
379
378
379
379
381
378
381
387
385
381
381
381
384
382
380
381
385
387
390
391
393
391
390
390
391
388
389
390
393
390
387
386
384
382
382
381
381
381
385
386
385
384
386
388
388
386
386
386
386
389
390
388
385
386
389
391
389
390
391
392
393
388
386
389
394
399
397
395
392
391
387
384
385
389
392
394
391
386
386
388
392
392
389
388
388
392
391
389
385
386
393
394
392
388
387
388
390
389
388
390
390
391
391
387
389
389
390
390
389
389
386
383
380
376
376
378
383
387
388
384
387
391
392
390
392
393
396
395
391
388
389
390
392
392
388
388
389
393
392
390
389
392
396
390
382
381
402
450
516
557
550
525
490
435
375
332
329
356
387
398
393
380
374
373
376
374
373
374
374
369
364
362
367
372
371
368
366
367
369
370
365
366
370
374
372
366
364
366
368
370
365
362
365
370
372
368
364
364
368
369
368
362
359
360
365
368
366
362
362
362
361
356
358
359
362
363
359
360
359
361
359
356
356
357
356
359
359
357
356
353
355
355
351
351
349
352
354
353
352
352
353
352
354
355
353
359
359
354
350
351
357
358
354
349
349
354
355
352
350
348
350
355
353
352
350
348
351
354
351
349
347
349
350
349
349
344
343
347
345
346
351
350
350
344
342
344
350
351
348
347
347
348
348
347
345
342
344
347
343
341
340
339
340
338
332
333
335
345
350
351
352
347
343
343
346
348
351
355
352
346
344
344
346
348
347
348
345
347
350
346
344
342
340
338
338
354
402
470
520
513
487
448
396
343
303
295
318
341
356
351
335
324
321
323
328
329
324
323
324
325
325
325
326
323
328
331
326
325
325
322
323
320
315
320
324
327
323
323
320
320
319
314
318
325
325
319
315
313
315
316
320
318
309
306
306
307
310
308
305
307
311
311
307
303
304
307
307
302
306
311
311
310
306
307
306
307
312
312
306
304
305
306
303
296
300
310
314
309
302
299
306
311
312
309
304
306
312
316
310
304
307
314
315
312
303
295
297
303
308
313
305
300
300
299
295
298
301
305
306
300
297
298
299
299
296
298
306
305
296
289
285
290
294
302
302
291
284
288
297
299
294
292
291
286
286
282
283
289
290
287
286
285
289
296
296
291
286
288
294
299
302
299
289
286
289
293
287
291
296
293
292
293
287
289
295
290
281
272
286
322
366
416
446
431
416
380
335
289
257
266
289
292
287
291
289
277
265
259
259
268
275
278
276
273
278
284
285
291
288
276
270
276
279
274
270
269
267
264
267
269
271
269
270
274
270
266
266
265
265
262
264
270
267
260
258
259
263
264
258
258
260
256
254
254
256
262
268
268
262
263
266
270
274
277
281
284
284
287
286
281
281
283
291
290
286
281
282
287
291
290
289
292
295
299
295
295
299
305
305
299
296
298
303
304
307
308
308
307
311
307
304
306
310
314
312
309
309
310
315
313
310
309
312
315
315
310
312
315
317
316
312
311
311
315
319
318
314
314
317
321
320
314
314
318
321
322
321
319
321
326
327
320
314
314
318
320
319
320
322
327
329
330
329
328
328
331
331
333
334
335
337
332
331
329
332
334
334
335
334
336
338
337
333
329
323
324
333
367
430
485
497
482
464
417
355
306
294
313
337
349
352
343
333
327
325
329
333
334
330
330
334
337
338
337
335
337
338
338
334
334
335
340
341
337
333
333
336
339
337
333
332
333
337
336
333
331
334
336
336
331
329
332
334
333
330
330
329
332
335
334
331
330
337
340
342
341
343
344
346
343
338
339
342
346
344
343
344
348
348
347
343
341
342
346
348
347
345
346
348
351
349
349
349
353
355
355
351
354
356
359
358
353
352
354
356
356
353
354
357
358
357
354
352
354
358
360
356
353
356
359
360
355
353
354
356
358
357
355
354
358
360
357
354
354
358
362
359
357
354
359
363
363
358
357
357
361
360
358
357
357
359
361
358
357
359
363
365
358
352
348
353
356
355
354
358
362
369
368
363
358
360
363
364
363
363
364
364
362
358
355
358
361
360
361
358
360
362
363
360
354
346
343
350
372
425
499
556
554
515
464
404
343
304
297
318
347
365
370
359
349
345
345
349
353
351
348
348
352
352
351
348
347
351
354
353
350
350
351
353
351
350
350
352
355
355
351
350
351
353
355
353
350
351
352
353
351
348
348
349
348
346
342
341
343
346
342
340
339
342
345
345
343
344
347
350
349
348
346
348
351
350
349
348
348
350
352
348
347
348
352
354
350
348
348
352
353
352
349
350
352
357
357
353
353
353
356
354
353
350
353
354
354
352
351
349
354
356
353
351
352
352
353
352
350
348
350
353
351
348
348
351
354
352
349
346
348
353
353
351
349
349
351
350
350
348
349
352
353
351
348
349
352
353
350
347
348
349
352
350
348
347
350
353
353
350
351
348
349
343
340
342
343
346
348
348
350
353
355
355
351
347
349
353
356
354
350
350
350
351
348
348
347
349
352
351
348
346
349
351
345
332
328
342
390
471
551
595
585
539
456
362
295
274
301
335
353
352
341
334
333
332
330
329
334
336
336
334
330
331
336
335
332
330
331
334
334
331
329
330
335
336
331
330
331
334
336
332
331
329
332
333
334
330
328
331
333
331
327
326
325
329
327
325
320
322
324
323
321
319
319
321
323
321
319
322
327
330
328
326
326
328
330
328
325
325
327
328
329
325
322
325
327
329
325
323
325
327
327
323
323
324
326
327
324
322
320
323
325
322
319
319
319
321
321
318
318
318
319
316
313
312
312
314
312
310
308
307
310
310
306
303
301
305
305
303
299
300
299
302
298
295
294
297
298
295
289
287
290
292
290
288
285
286
289
287
282
279
280
281
284
279
275
275
279
280
274
265
262
265
265
265
262
264
267
273
272
269
267
264
265
264
261
261
264
264
262
257
253
252
256
257
251
251
252
253
254
252
248
244
239
236
242
281
355
441
489
479
428
340
249
182
165
188
221
240
240
232
222
217
219
221
222
221
217
218
222
222
219
218
218
219
221
218
214
214
216
219
218
214
216
216
219
220
217
215
218
221
219
215
214
214
218
217
214
212
214
217
218
213
209
209
212
215
213
210
208
210
214
214
212
210
214
217
218
216
216
218
221
222
219
220
221
223
225
222
221
223
227
228
228
226
229
233
236
236
232
233
237
241
241
239
241
244
248
250
249
250
252
255
256
254
254
257
264
265
263
261
262
267
270
268
267
268
274
278
278
274
274
280
283
283
282
284
287
289
291
289
290
293
296
298
296
297
301
306
309
307
305
308
310
312
311
310
312
319
322
321
318
320
326
331
331
325
319
319
327
330
329
331
333
341
346
344
344
346
348
351
350
349
350
354
354
351
346
349
354
359
357
355
357
362
365
364
358
361
360
360
360
375
422
492
544
538
501
456
402
345
302
286
308
349
380
388
379
368
367
370
376
373
371
372
377
381
380
377
376
378
382
383
380
378
381
386
386
384
383
382
385
387
388
387
387
390
392
391
390
392
395
394
392
389
392
396
397
393
391
390
395
399
400
396
391
391
395
396
394
393
397
398
398
395
396
396
398
398
393
389
390
391
394
389
384
386
389
392
391
387
384
386
391
393
389
387
388
391
390
386
383
386
391
392
390
385
386
392
392
387
384
386
390
389
386
381
379
384
387
385
380
380
381
382
383
378
375
378
380
380
377
373
374
376
377
376
371
373
376
377
372
367
368
370
372
369
365
367
370
374
372
363
359
358
358
356
355
357
361
368
370
368
366
367
368
368
364
361
362
366
367
364
358
357
358
363
361
359
358
361
364
362
359
357
356
354
350
352
378
437
501
530
500
460
417
371
323
284
272
297
334
359
362
352
344
344
346
345
345
344
347
349
346
342
340
344
348
348
344
343
344
345
343
344
342
346
350
350
345
344
344
348
347
344
343
343
346
347
345
343
343
347
350
348
343
342
342
345
343
340
340
343
346
346
343
342
343
345
348
345
342
344
347
348
344
339
339
342
343
341
336
336
341
342
341
336
336
339
342
342
337
336
339
343
343
338
336
338
340
342
341
338
339
343
343
341
339
339
341
342
342
337
336
339
340
341
336
336
338
341
340
337
336
338
340
342
339
338
339
341
340
339
338
338
339
342
339
337
338
341
343
339
339
338
340
344
342
340
339
340
343
343
340
342
342
341
337
334
334
336
341
340
340
344
347
350
350
345
340
340
343
346
346
344
341
342
343
341
338
336
340
343
342
339
339
341
344
344
336
328
332
358
417
498
566
582
556
489
395
312
262
265
301
331
340
335
330
327
326
323
322
325
329
328
324
324
326
328
329
324
324
326
329
329
326
325
327
328
331
328
326
326
330
332
330
328
328
330
331
330
329
328
330
332
329
327
326
327
330
328
325
323
324
326
328
324
320
321
326
327
325
324
327
331
333
331
327
327
329
331
330
327
326
327
329
327
325
322
325
329
328
326
325
327
331
332
327
329
329
331
331
331
330
331
334
335
334
332
330
332
337
336
332
331
334
337
336
332
332
335
337
336
333
330
331
336
334
332
330
331
333
333
331
331
332
333
334
332
329
329
332
334
332
329
328
331
335
333
331
330
331
333
333
330
328
330
333
333
331
329
331
333
335
332
330
330
332
334
333
331
330
333
333
327
323
319
327
331
330
328
329
334
340
342
337
332
333
336
336
335
334
335
336
335
331
329
331
331
334
332
330
331
334
336
335
335
329
325
329
351
410
494
565
581
548
475
376
294
260
272
307
329
335
329
324
320
318
318
322
321
321
318
318
322
323
325
322
321
320
324
324
322
323
323
324
326
324
323
324
327
327
326
325
325
327
327
327
326
328
329
332
331
330
329
329
328
328
330
329
328
329
328
324
324
326
327
329
327
328
328
329
331
330
328
330
332
329
328
327
326
328
328
326
325
325
324
323
323
325
325
326
327
328
327
326
328
328
329
325
325
328
330
330
330
328
327
328
330
332
331
331
333
332
332
331
328
332
333
333
331
330
329
330
332
330
330
329
330
328
329
328
327
327
327
327
324
327
327
328
327
327
328
328
328
327
325
325
326
327
327
326
324
323
326
327
328
325
326
327
326
326
325
324
326
326
325
323
322
327
327
323
322
322
323
323
322
323
323
324
323
323
322
319
318
315
311
307
305
304
306
309
312
315
317
318
318
320
316
316
317
319
318
314
314
314
313
311
309
310
311
310
311
311
310
312
310
310
312
313
311
308
315
347
403
462
478
455
410
352
292
239
208
219
257
289
303
299
290
283
281
282
286
286
285
281
283
283
283
280
279
279
280
278
278
279
279
279
278
277
274
272
275
276
274
272
272
274
273
271
272
271
273
272
270
269
267
267
271
271
268
265
265
264
262
263
262
261
260
258
260
261
262
262
260
257
256
256
255
255
253
248
247
245
245
245
242
241
241
244
242
240
239
241
243
242
242
244
245
245
244
246
244
244
247
247
248
247
247
246
246
248
247
249
252
251
253
252
253
253
254
254
253
253
255
257
259
258
258
260
261
261
261
262
262
260
260
262
261
260
262
264
265
264
264
264
266
265
266
265
266
267
268
267
269
270
274
276
277
278
279
283
282
283
281
281
280
281
279
281
278
280
282
286
290
292
296
300
303
302
302
305
307
310
311
311
312
313
313
314
317
321
326
325
324
325
325
330
334
335
334
334
333
337
352
391
448
483
466
435
404
366
326
287
269
279
313
346
359
360
354
349
350
352
357
356
358
358
360
363
365
366
368
368
369
369
370
371
376
376
375
378
381
382
381
383
384
386
386
386
388
392
394
396
396
396
396
398
400
403
402
399
399
403
407
408
408
409
405
404
405
408
410
410
410
411
412
410
410
408
408
408
406
404
408
409
406
401
399
398
399
402
404
406
406
408
405
401
403
405
406
406
404
405
406
409
411
410
414
413
417
417
414
412
411
412
414
415
415
410
410
412
416
416
416
415
411
411
410
411
412
410
409
408
406
407
407
407
408
406
404
403
401
404
405
407
407
406
402
399
400
401
401
401
401
400
402
399
397
393
391
392
394
397
399
398
395
393
391
389
383
378
377
377
384
386
385
383
382
383
384
384
383
382
382
383
382
382
380
378
378
377
378
379
379
382
380
377
377
375
376
374
377
376
378
380
392
426
476
510
493
460
432
396
358
316
296
309
340
362
370
365
357
352
351
352
352
352
353
353
353
351
350
353
353
352
351
349
349
348
348
348
347
348
344
345
348
348
346
347
346
347
343
339
342
342
344
345
344
341
342
342
343
339
336
334
336
334
336
335
334
334
333
332
331
331
330
329
326
326
326
326
325
323
320
319
319
319
316
315
312
311
311
310
307
305
305
305
309
306
306
307
308
308
309
309
308
309
309
307
309
309
310
307
309
309
308
309
310
309
309
309
307
307
306
306
304
302
303
303
302
302
302
304
303
302
299
299
299
299
297
297
297
297
299
299
299
298
298
297
297
296
294
295
298
298
296
296
296
298
297
296
296
297
295
295
295
296
295
296
296
295
296
293
296
295
294
294
295
296
296
296
295
295
296
295
295
294
291
287
286
285
285
287
289
291
291
291
291
293
298
298
296
295
295
297
298
296
295
294
293
295
297
297
295
298
297
298
297
296
297
302
303
297
297
307
344
405
466
482
459
421
362
296
246
221
240
276
298
303
296
290
286
284
285
286
288
287
290
289
288
287
289
289
287
287
286
289
289
292
291
293
291
291
291
292
292
293
294
294
292
293
295
294
295
294
295
294
294
296
294
293
295
296
295
295
294
294
294
296
297
296
296
297
298
298
298
298
299
299
300
299
300
301
300
301
300
298
299
299
298
298
297
299
300
300
297
297
298
298
299
298
300
301
302
303
304
304
305
304
308
307
309
309
311
312
311
312
309
310
310
312
311
311
312
315
314
314
313
312
314
315
314
314
314
315
316
314
313
315
315
317
316
313
314
315
314
316
316
315
318
315
317
316
315
317
319
320
318
318
319
321
320
321
319
319
321
322
321
320
320
323
321
322
324
323
325
324
324
322
325
326
326
326
324
325
326
326
327
327
326
326
330
328
328
327
328
329
330
328
329
328
330
331
332
331
329
325
325
322
320
320
323
327
330
330
331
332
336
335
335
334
336
336
338
336
337
338
336
336
336
337
337
339
339
338
337
339
341
342
344
340
337
341
362
420
497
554
562
529
461
370
299
266
278
312
337
342
336
330
326
327
326
326
327
328
328
328
328
329
330
330
329
327
329
331
330
330
331
329
332
331
331
332
331
333
334
334
332
333
334
334
335
335
334
334
337
336
337
335
337
340
339
339
338
340
340
340
338
337
340
341
340
341
341
342
342
341
343
343
341
344
344
345
340
341
341
340
339
338
339
338
338
338
337
337
341
339
341
339
340
342
343
343
343
342
343
344
345
344
344
344
345
346
346
344
345
346
346
347
347
348
348
347
349
347
347
348
348
350
349
347
347
347
346
347
347
347
347
346
345
346
347
346
347
347
345
347
346
346
346
344
345
346
348
349
348
345
346
344
346
344
345
346
347
347
347
345
345
348
348
347
348
348
348
348
346
345
346
347
348
349
347
348
348
349
348
347
345
347
347
347
346
346
347
346
347
345
343
338
337
336
337
338
340
342
344
344
344
346
348
348
347
344
346
347
346
347
346
344
342
343
342
343
343
345
347
345
345
345
345
349
349
342
340
357
408
483
545
557
530
475
393
315
265
268
300
331
344
337
327
323
321
321
322
322
323
324
326
327
324
324
326
326
325
324
323
324
324
326
325
325
325
325
324
324
325
325
326
326
327
327
328
329
328
326
326
326
327
329
327
326
329
330
330
329
327
327
327
327
327
326
326
327
326
325
327
329
329
329
328
326
324
324
324
324
322
321
321
320
318
318
316
319
318
319
316
317
319
318
318
318
315
317
318
317
315
317
317
320
321
320
320
318
320
318
317
317
315
318
316
317
315
316
318
318
319
317
315
313
313
313
314
315
313
314
313
314
310
311
309
310
311
310
309
308
308
309
309
308
312
310
310
310
308
308
307
307
306
305
308
309
309
309
305
304
306
306
305
307
306
307
306
304
304
304
307
307
307
303
302
302
303
301
302
299
298
293
293
292
289
292
296
300
301
302
302
304
304
304
304
303
305
306
305
305
304
303
301
299
297
301
302
304
302
304
304
304
304
306
303
300
299
315
361
420
462
450
414
372
323
272
227
211
228
265
294
306
304
297
293
292
291
294
296
297
295
296
296
298
297
301
302
301
303
302
301
300
300
300
299
300
301
301
302
302
304
303
305
307
308
309
307
307
308
310
307
308
308
310
312
308
307
306
308
310
309
311
308
310
309
309
308
308
311
312
312
310
309
305
305
304
305
303
299
295
296
298
297
297
297
298
294
292
292
291
295
299
298
295
295
298
300
298
296
296
295
297
298
297
296
296
297
297
294
293
294
294
296
295
291
291
292
292
288
288
287
288
289
289
289
289
289
288
287
285
285
286
286
286
285
282
284
285
284
284
282
282
283
283
282
282
283
284
282
281
280
280
281
283
282
279
280
281
283
283
283
282
280
281
280
278
272
271
271
270
269
271
277
280
279
279
280
283
283
284
287
287
286
287
288
287
285
285
285
285
286
287
286
287
288
291
289
288
290
290
285
287
305
351
410
446
432
395
360
316
271
231
212
233
271
296
299
295
286
284
288
287
289
290
293
295
294
295
295
297
299
298
299
299
300
304
304
303
305
305
306
308
308
309
311
311
312
312
314
313
314
315
316
314
316
320
320
321
319
320
320
321
322
323
323
323
326
325
325
324
327
328
328
330
328
329
332
330
329
331
329
329
330
330
330
329
329
329
330
331
331
333
335
336
336
338
339
341
342
343
344
345
347
347
347
348
352
354
355
354
355
356
358
360
360
359
359
361
362
364
363
362
364
364
364
363
364
366
366
367
365
366
367
368
370
369
369
369
370
372
372
371
373
374
374
374
374
374
377
377
376
376
377
379
380
380
379
379
381
381
382
381
381
383
383
382
382
382
384
384
383
379
375
371
373
374
377
379
381
385
386
388
385
385
385
387
388
388
388
389
390
388
386
384
387
388
390
389
389
389
389
391
391
392
392
385
381
389
423
491
566
603
590
546
474
393
333
310
330
365
386
391
383
375
371
370
373
372
373
370
370
373
374
373
370
371
372
372
370
368
369
371
372
371
370
371
372
371
370
371
371
370
372
372
370
370
371
372
372
372
372
371
369
371
368
369
369
370
370
370
367
368
368
367
369
368
367
369
369
371
371
371
370
370
368
366
367
365
365
365
362
361
361
362
361
360
360
359
360
361
359
358
358
360
360
358
359
357
359
360
358
357
357
360
359
359
358
357
357
359
358
357
356
357
358
357
356
354
356
356
356
355
353
352
353
353
352
352
351
350
352
349
349
348
350
350
350
349
349
348
349
349
347
346
346
347
345
345
347
346
346
344
345
344
342
344
342
343
342
342
344
342
343
341
338
337
333
329
328
327
331
332
335
336
336
339
339
341
339
336
338
340
340
341
340
339
339
337
335
337
337
338
339
339
338
337
336
339
341
338
330
329
343
388
462
534
556
532
477
393
313
263
264
296
324
336
333
323
319
318
317
319
320
321
321
320
319
319
319
320
319
318
320
321
320
319
320
320
320
321
321
319
321
321
321
321
323
322
321
323
322
322
323
322
322
325
322
321
323
323
321
320
320
321
321
322
319
319
319
319
320
319
320
321
322
321
320
319
319
317
318
318
315
313
314
315
314
313
311
312
312
311
311
310
311
313
313
313
313
314
316
315
312
312
313
314
317
316
317
317
317
318
320
318
321
323
324
322
323
321
323
322
323
324
324
325
327
327
327
328
328
331
331
331
332
334
332
334
334
336
338
338
340
339
339
340
341
341
340
342
345
345
347
345
346
349
349
351
352
353
351
354
356
358
356
356
356
357
357
353
351
351
350
354
355
358
364
369
373
375
376
376
376
376
378
379
381
382
383
384
381
381
381
385
387
389
390
391
390
392
391
395
400
400
395
395
409
458
529
589
594
562
511
437
365
315
311
347
387
406
409
400
392
390
392
393
394
395
395
398
399
398
397
398
400
401
400
400
401
402
403
402
400
399
401
400
402
400
401
403
405
406
405
404
405
406
407
408
407
408
408
408
408
408
408
407
409
410
408
407
406
408
409
408
410
412
412
412
411
411
411
410
408
407
406
404
405
408
406
402
403
404
406
407
403
403
404
405
404
403
402
404
403
402
402
402
404
404
405
405
405
403
404
403
401
401
402
403
402
404
402
403
404
401
399
399
396
397
399
398
398
398
400
401
400
400
400
399
402
401
402
404
403
405
406
406
404
405
405
406
406
405
406
407
407
407
406
406
407
406
405
405
405
403
396
392
391
391
393
396
396
397
399
399
402
399
397
395
398
398
399
397
395
392
393
390
391
389
389
389
387
388
385
383
384
384
386
380
374
371
378
410
464
519
527
498
464
419
365
313
282
283
316
350
370
372
366
359
356
355
357
358
359
358
357
357
357
359
358
355
355
356
355
354
354
353
355
353
352
349
349
350
350
347
345
342
342
343
341
339
338
337
337
336
333
333
333
332
331
331
330
333
332
330
327
326
324
325
324
325
322
323
324
322
318
314
312
311
311
309
305
303
304
303
300
298
296
293
293
294
295
294
293
292
291
290
288
289
290
289
287
285
286
287
285
284
283
281
283
283
281
281
277
279
277
276
275
273
272
275
273
271
269
269
269
266
267
264
266
265
264
262
261
259
261
261
260
258
258
259
258
257
256
255
255
257
256
257
256
254
250
245
240
241
243
247
248
249
250
252
255
256
252
248
249
250
249
248
248
248
247
246
248
247
245
247
246
246
246
245
244
247
248
244
240
237
245
279
334
380
382
355
328
286
241
193
165
170
202
232
247
247
239
234
230
233
234
233
232
232
234
236
238
237
235
234
235
238
239
236
237
239
239
240
240
240
240
241
241
239
240
242
243
243
242
241
241
246
246
245
246
245
245
245
246
242
244
245
248
249
248
248
250
250
249
249
251
251
251
252
252
249
250
251
250
248
248
246
249
246
245
244
245
247
250
252
252
251
254
255
255
255
255
256
258
259
260
259
260
262
261
263
263
263
266
267
265
266
267
268
266
268
268
267
269
269
268
269
269
268
268
268
268
269
269
272
273
272
271
271
270
274
274
274
276
276
277
276
277
274
276
277
278
279
278
274
272
272
273
276
276
278
280
282
284
289
291
288
285
285
286
288
290
288
289
288
287
287
289
287
288
291
291
290
292
291
294
298
297
292
291
304
346
408
460
463
439
399
340
275
228
214
242
276
299
303
295
289
286
284
287
286
290
292
293
290
291
292
292
294
294
294
295
296
296
296
295
298
298
299
300
300
301
304
302
302
303
302
304
305
305
303
306
306
308
307
305
307
307
307
307
308
307
306
310
308
308
309
310
312
312
313
312
314
313
315
313
314
314
311
313
312
311
309
310
311
308
308
309
309
309
311
310
311
311
313
314
314
314
316
316
317
319
319
319
319
322
322
321
321
323
323
322
321
322
323
324
322
321
320
322
322
323
323
322
321
322
321
322
321
323
325
325
323
322
324
324
324
325
325
325
326
325
325
325
325
325
329
327
326
326
326
325
320
318
318
321
323
322
324
327
331
336
336
332
329
328
328
330
331
332
332
330
330
326
327
327
329
331
329
329
329
331
331
334
336
335
331
331
352
401
475
530
532
501
439
358
290
254
265
300
325
334
329
322
316
316
316
318
320
320
318
320
321
322
320
321
321
321
321
322
321
322
321
323
321
323
324
324
322
325
323
323
325
327
328
328
327
327
328
329
328
328
330
331
332
331
329
330
331
332
332
329
329
332
332
332
332
333
334
337
335
335
335
335
335
335
333
333
331
332
330
328
327
327
328
328
330
330
328
331
331
331
331
329
332
333
333
333
334
333
334
335
334
334
334
337
337
337
337
336
337
336
337
337
336
338
336
336
335
335
337
336
335
336
334
334
335
332
333
333
333
334
333
334
335
334
334
334
335
335
336
336
336
335
334
334
334
336
335
334
335
335
335
336
334
333
329
328
326
328
328
332
334
336
337
340
342
340
338
337
336
337
339
339
338
336
334
334
333
333
333
333
335
336
335
333
334
336
342
341
337
336
344
382
454
523
544
521
470
391
313
261
257
291
323
334
331
324
322
321
322
322
322
323
325
325
325
325
326
326
325
323
324
324
324
326
324
324
325
325
328
328
328
327
328
325
327
327
327
329
330
329
327
330
329
331
331
328
329
330
331
331
330
329
330
332
332
332
332
330
330
332
332
333
332
333
331
330
329
329
329
329
328
326
323
325
326
324
323
324
324
325
325
324
322
323
327
328
328
328
326
329
329
328
328
327
329
329
328
329
329
328
328
327
327
328
329
328
328
328
326
328
328
329
327
325
325
324
325
325
323
324
326
326
324
323
323
324
324
320
319
321
322
323
322
320
319
320
322
321
319
320
319
319
320
319
317
317
318
315
315
316
317
316
317
312
305
302
304
307
308
309
311
313
317
316
316
312
313
311
311
312
311
311
311
309
306
303
304
305
303
304
304
303
303
304
304
306
308
306
302
302
325
380
447
476
459
419
362
295
233
200
214
253
284
299
294
283
278
277
279
280
279
279
277
280
278
280
278
277
278
278
276
277
278
279
280
280
278
277
279
280
280
280
279
282
283
283
281
280
282
283
283
284
284
283
284
286
284
284
283
285
286
288
284
287
287
286
289
289
288
291
292
291
289
287
287
285
287
283
284
284
281
282
281
280
279
281
283
281
283
283
285
286
285
285
286
286
288
290
291
292
293
293
295
293
293
296
296
298
295
296
299
299
300
300
300
303
304
302
302
304
304
307
307
308
308
308
311
311
309
310
310
313
316
317
316
317
317
319
320
320
319
319
319
321
319
319
320
320
322
320
319
319
320
321
322
321
321
321
320
318
315
312
314
316
316
317
320
321
325
326
327
328
328
330
330
330
332
333
333
331
332
331
333
334
336
337
337
337
339
339
340
343
344
344
337
336
352
397
457
489
471
441
404
361
311
268
250
270
308
339
350
345
336
333
335
335
339
336
340
340
341
340
339
342
342
345
343
342
342
344
345
344
346
346
347
348
349
348
348
346
348
347
348
349
352
352
354
351
351
350
350
352
353
352
355
356
355
354
355
354
355
357
356
357
358
356
357
357
357
355
353
351
351
350
347
346
348
347
345
343
341
345
344
346
343
344
345
346
344
344
344
344
346
346
348
348
349
349
348
350
350
349
353
354
353
352
350
352
351
351
350
349
349
350
349
348
349
349
347
345
347
346
348
347
348
346
345
344
346
347
346
346
344
346
346
347
347
344
347
347
346
344
345
346
344
345
342
341
341
338
334
331
328
329
330
336
338
340
340
343
344
345
344
345
345
348
348
345
343
343
344
344
345
344
346
344
342
342
342
343
345
349
346
342
342
352
385
436
476
468
443
416
376
325
280
261
274
312
338
346
344
337
330
330
329
332
333
332
332
332
332
336
335
333
333
336
339
338
334
335
335
336
337
337
336
337
338
337
335
335
334
337
338
336
337
338
340
339
339
339
338
337
337
339
338
339
339
340
340
340
339
340
341
342
343
340
339
339
340
340
337
335
338
338
336
333
332
332
332
330
331
330
329
332
334
333
332
332
333
333
332
332
334
335
338
336
336
338
340
341
341
339
341
342
344
343
341
342
343
344
343
342
341
342
343
341
342
343
341
342
341
340
339
340
338
340
340
339
339
342
341
338
337
339
339
342
340
340
338
341
341
341
339
339
341
342
342
341
341
339
342
343
344
340
336
331
332
332
334
335
338
340
340
343
344
347
344
342
341
340
343
347
347
345
343
341
341
342
343
342
342
344
344
344
343
344
349
351
348
346
353
388
447
505
519
496
456
398
333
279
260
281
317
343
349
340
331
329
331
332
332
335
335
334
333
332
332
333
334
334
332
334
334
335
334
333
334
335
335
334
334
335
336
337
335
335
335
336
339
337
338
339
338
340
339
341
338
340
341
341
341
339
340
343
343
343
343
342
344
344
345
342
343
343
344
342
340
340
338
339
339
337
335
336
336
336
334
331
331
334
333
333
332
333
334
336
335
334
335
337
338
338
337
338
339
338
338
339
339
339
341
342
339
341
341
341
340
339
340
339
341
339
340
337
338
338
338
336
337
337
338
337
336
336
335
337
336
336
336
336
336
337
336
336
336
336
336
335
335
335
333
335
334
336
334
333
336
336
335
336
333
334
336
336
333
334
333
334
335
333
331
332
331
325
323
322
323
326
327
328
331
331
334
335
335
333
333
335
335
337
335
336
336
337
336
334
333
334
335
335
333
334
335
336
337
340
339
336
335
347
386
455
522
540
516
464
384
311
265
261
293
321
335
332
324
319
318
318
319
320
317
318
319
320
320
320
319
318
318
318
318
319
319
319
319
320
320
319
318
320
321
320
321
321
321
323
322
322
320
322
323
324
322
321
322
323
323
323
324
324
325
326
325
324
324
323
324
325
324
325
326
326
326
326
325
324
325
322
322
321
320
320
321
320
319
319
319
319
318
318
318
319
320
320
320
319
321
321
320
321
320
321
323
323
323
322
324
326
325
324
325
326
326
326
327
326
325
326
327
325
325
325
327
324
325
323
325
325
324
324
323
323
323
323
322
323
322
324
324
323
323
321
324
323
323
323
323
323
323
323
323
324
322
324
324
324
322
323
324
324
322
321
322
324
325
323
322
323
323
324
321
322
323
322
323
322
322
321
322
323
322
321
318
316
314
310
309
310
314
318
320
321
322
322
324
325
324
323
324
326
326
324
323
324
322
325
325
324
323
325
327
326
325
326
326
329
331
328
323
326
356
418
490
526
512
470
403
323
262
239
265
303
325
329
321
314
311
310
313
313
314
314
315
313
313
311
313
314
313
314
314
315
314
315
314
315
317
317
317
316
316
319
320
320
318
319
320
322
321
321
321
320
322
321
320
322
323
323
324
325
325
325
325
325
321
321
320
324
325
326
326
327
329
328
325
323
324
323
324
323
322
321
320
322
320
320
319
321
323
322
320
320
320
322
322
321
321
321
323
325
325
323
324
325
326
327
326
325
329
330
330
330
330
330
330
330
329
330
330
329
328
327
328
329
328
329
329
329
329
328
329
328
328
328
328
328
328
329
329
328
329
329
329
328
328
329
329
327
328
330
330
331
329
328
329
329
330
329
330
328
328
330
330
331
330
331
332
332
331
331
332
330
331
330
330
330
330
329
323
320
318
318
321
323
327
330
330
332
332
333
334
334
335
335
335
335
335
337
335
333
332
335
333
333
334
335
334
336
337
339
341
341
337
337
354
401
465
503
497
463
413
352
288
244
242
276
315
336
337
330
323
319
321
323
322
324
324
326
326
325
323
322
323
325
326
325
326
327
325
328
327
326
325
327
328
329
328
328
329
331
330
331
329
328
329
329
330
331
332
332
333
332
329
331
331
332
331
331
331
334
333
334
334
332
335
335
332
332
330
330
327
326
322
321
320
320
317
315
312
314
313
314
314
313
312
313
313
313
311
312
314
314
312
311
314
315
315
316
313
312
313
312
309
308
310
309
309
308
308
307
306
308
308
306
305
304
303
301
301
300
299
302
300
300
298
296
294
296
296
295
295
295
295
293
290
290
290
291
291
290
287
290
289
289
288
284
285
286
286
287
286
284
285
284
284
281
281
283
283
281
280
278
277
273
270
267
265
266
266
270
270
271
272
271
272
275
274
276
276
276
276
274
272
274
272
270
269
270
270
272
273
272
274
273
273
273
274
272
265
265
275
309
366
416
421
394
355
306
256
206
177
183
221
255
272
270
263
258
256
258
257
259
260
261
262
262
261
262
262
264
265
264
264
265
266
266
268
266
265
265
267
268
268
268
269
270
272
272
271
271
273
276
273
275
274
276
278
277
276
275
279
279
277
278
280
282
284
284
282
283
284
287
286
286
285
285
286
286
285
283
281
280
280
279
278
279
280
280
281
282
283
286
287
286
286
287
289
291
291
293
292
293
297
298
297
298
299
300
302
301
303
303
305
307
305
305
303
305
305
306
305
306
309
309
311
311
310
309
311
313
311
311
313
314
316
317
316
317
319
320
319
319
320
321
322
323
323
322
325
326
326
326
325
325
327
327
329
331
331
333
330
326
324
323
324
322
324
324
330
335
337
339
338
339
339
340
342
342
343
346
350
350
346
344
344
347
348
348
348
348
350
350
349
352
356
356
351
349
355
386
444
497
511
485
452
406
353
301
270
276
313
347
361
359
350
347
346
345
347
349
352
354
352
352
352
352
354
354
355
355
354
354
355
356
356
357
358
359
357
358
358
359
360
359
359
359
359
360
361
361
362
362
363
364
364
362
364
365
362
364
362
365
366
367
366
365
364
365
368
366
365
367
368
368
366
363
363
363
363
360
360
359
359
358
360
357
358
358
359
361
360
359
359
361
362
360
362
363
363
365
366
366
364
365
368
368
368
368
367
368
370
369
368
369
371
370
369
367
368
369
369
369
370
369
370
369
370
368
367
370
371
370
370
369
371
371
372
370
369
369
370
370
368
369
370
372
373
371
371
371
371
373
373
371
372
373
373
373
371
368
368
366
364
361
361
363
367
368
370
369
374
376
376
373
374
376
377
377
377
377
376
375
375
376
375
376
375
377
376
374
374
377
380
380
375
373
376
402
453
518
553
543
509
453
384
323
288
297
333
363
376
374
368
361
360
360
362
363
364
362
361
362
362
361
361
361
361
361
362
360
359
359
359
360
360
359
359
361
362
362
361
361
360
362
364
362
362
362
362
361
361
362
361
362
362
361
360
360
362
361
359
360
360
361
362
361
361
361
362
364
361
360
357
356
356
357
354
352
351
350
350
348
348
348
347
349
348
346
346
346
348
348
349
348
348
350
349
350
351
351
352
351
351
351
350
352
352
352
351
351
351
353
351
350
348
349
349
349
348
346
347
348
347
346
346
346
345
344
344
343
344
345
343
343
340
339
343
341
341
340
340
340
341
341
338
340
340
341
339
340
340
340
341
340
340
339
340
339
338
337
335
332
331
328
326
325
327
329
329
333
332
336
338
338
335
336
336
337
338
337
335
335
335
336
333
335
334
334
335
336
333
334
333
337
339
338
333
332
345
387
458
523
539
513
458
377
301
255
253
288
318
332
328
324
317
317
317
317
318
320
321
318
319
319
320
319
319
317
318
319
318
318
318
318
318
318
319
318
318
319
320
319
319
319
320
322
322
321
320
323
322
322
320
322
320
322
322
320
321
321
323
322
320
320
321
324
324
324
323
324
324
323
322
324
323
321
322
319
317
315
317
316
315
313
313
315
315
316
315
314
314
317
316
316
316
318
319
320
320
319
320
323
325
323
322
323
324
325
324
324
324
324
324
323
323
321
321
321
323