401
397
393
393
393
393
391
387
387
389
390
385
386
387
387
386
386
383
385
386
386
384
381
384
386
385
384
383
383
382
384
383
381
381
381
384
384
382
381
382
383
385
383
382
383
385
385
385
385
386
386
384
381
376
375
374
373
369
363
361
362
358
354
352
353
354
353
352
348
349
350
348
350
346
346
348
349
348
345
344
344
344
344
342
340
341
341
342
343
342
343
344
343
339
338
338
339
340
340
339
339
339
339
339
334
333
332
333
336
334
334
332
333
331
332
328
329
329
331
329
326
323
328
327
329
327
326
327
330
330
326
325
324
326
327
324
325
324
326
326
326
325
323
324
326
325
324
323
327
328
327
325
325
326
328
326
325
326
328
329
333
332
333
335
339
342
347
352
359
363
360
359
354
349
340
335
333
332
331
327
326
324
322
319
320
321
321
318
317
319
319
321
319
319
313
298
285
263
248
230
234
296
385
443
476
487
467
438
428
420
399
370
349
334
329
328
326
324
320
318
319
318
317
315
314
314
317
318
318
317
317
318
319
318
318
319
321
323
321
320
323
323
325
324
322
324
325
328
328
326
326
330
329
330
330
328
329
332
333
332
332
336
336
340
338
338
339
342
345
344
342
342
342
341
341
335
334
335
333
329
327
326
326
327
324
320
321
322
324
325
324
322
323
325
327
326
325
326
328
327
328
325
326
326
328
328
326
326
326
328
329
328
328
327
329
328
324
325
325
328
328
325
324
327
327
328
328
324
327
325
328
328
324
323
324
326
325
323
322
324
327
328
323
324
324
324
326
325
322
324
323
326
325
323
324
326
326
327
324
326
326
328
328
325
324
325
327
327
325
325
326
330
328
326
323
327
328
327
328
323
327
328
327
327
323
325
326
328
327
327
331
333
336
340
339
343
352
359
356
354
350
346
339
336
330
329
328
328
324
319
314
317
318
318
319
315
317
317
319
318
317
313
306
293
277
256
233
216
231
311
405
476
513
501
455
427
427
409
379
355
338
331
328
325
323
319
316
314
316
317
316
314
313
314
316
316
313
313
316
315
318
317
317
317
319
322
320
321
321
322
324
325
322
324
323
328
327
323
326
328
330
331
329
329
332
335
334
333
332
336
338
340
341
340
344
345
347
345
340
341
342
341
339
333
333
331
331
329
327
325
325
324
323
320
320
321
322
320
321
320
323
323
323
321
321
322
322
324
321
321
320
321
323
322
320
321
323
324
325
322
322
323
323
324
321
321
324
324
323
323
322
324
325
325
324
322
323
325
323
322
320
322
322
325
323
320
322
324
325
324
323
322
324
325
325
322
322
325
324
326
325
324
325
324
325
324
324
324
327
329
328
326
325
326
328
327
324
326
327
330
327
326
326
328
329
329
328
327
329
329
331
327
328
328
329
331
328
329
327
330
330
332
330
332
334
338
341
341
345
347
351
358
362
360
359
357
350
340
338
339
337
336
331
326
326
327
326
327
325
326
328
328
327
324
326
326
318
301
285
266
248
226
232
294
389
458
504
504
468
439
437
425
395
368
346
339
336
334
329
328
326
325
325
323
321
319
320
320
322
319
319
321
323
323
321
320
324
326
323
325
326
329
329
329
329
327
330
332
331
331
330
331
333
336
334
333
335
338
341
339
340
340
343
344
347
347
346
349
353
352
352
352
352
353
353
348
345
345
344
342
338
335
332
333
332
331
328
329
330
330
328
326
327
328
329
329
328
328
328
329
329
326
323
328
330
331
326
327
327
329
330
330
328
328
327
331
328
326
326
329
328
328
324
326
328
328
328
328
327
328
327
328
327
324
325
328
329
326
325
326
327
328
326
326
325
326
328
328
324
323
327
327
328
323
324
327
328
328
324
323
326
328
328
325
323
323
326
326
327
323
324
325
325
325
323
323
324
327
326
322
325
325
326
324
324
325
325
326
326
328
328
329
334
336
338
339
342
351
356
354
352
350
346
338
331
327
326
328
326
323
319
318
318
321
318
315
315
317
318
319
318
314
315
302
288
268
252
236
231
275
366
429
462
486
477
449
427
420
401
374
352
335
328
329
327
324
318
315
317
317
315
315
311
313
315
318
317
313
316
316
318
317
316
318
318
322
322
322
320
323
324
323
322
322
325
328
328
327
328
328
330
333
331
332
334
336
337
335
336
336
341
344
342
344
344
345
349
347
345
345
343
342
341
335
334
333
331
331
325
323
323
323
322
318
318
320
320
322
320
317
318
319
322
321
318
320
320
322
322
319
318
320
323
323
321
320
323
322
322
320
321
321
322
322
320
319
321
322
323
320
320
317
319
320
319
318
317
320
322
320
318
318
320
322
321
319
317
318
320
320
318
318
320
321
320
318
318
319
321
322
318
316
320
319
322
319
320
319
321
322
322
319
317
321
323
324
320
319
322
323
324
321
320
320
322
322
321
321
322
324
324
325
326
327
331
334
340
337
339
345
354
358
353
350
345
336
333
328
326
326
324
321
317
316
315
314
315
314
313
312
314
314
312
310
309
300
286
267
246
223
217
256
350
436
496
516
483
439
421
419
397
369
348
332
327
324
322
320
317
315
311
312
314
313
310
311
312
314
313
312
312
315
317
317
316
315
319
319
321
321
320
321
323
323
323
320
324
322
324
325
324
328
329
330
329
328
331
332
335
334
332
334
337
338
340
339
343
345
345
348
344
342
342
342
340
336
334
332
332
332
325
324
325
324
323
322
319
320
323
322
321
320
320
322
323
323
321
321
322
322
323
321
320
322
323
323
321
322
322
324
323
321
319
322
323
323
325
322
322
324
325
325
322
321
324
325
323
322
322
324
323
324
321
320
324
324
325
324
322
321
324
324
322
321
323
325
325
323
322
321
324
326
323
324
324
326
327
325
325
323
324
326
325
325
325
325
327
325
324
323
326
327
327
327
326
326
328
330
328
325
326
328
331
331
329
334
337
343
347
344
347
355
361
361
357
351
345
340
339
336
333
331
328
327
322
321
320
323
324
322
320
321
324
324
322
320
310
296
281
264
240
223
240
317
409
475
510
500
458
437
435
414
383
359
346
339
335
334
332
329
326
323
323
325
326
325
323
320
322
324
325
325
323
324
327
327
326
325
327
329
330
329
330
330
331
333
333
331
331
333
335
336
335
334
337
339
336
337
337
339
339
340
340
340
345
346
348
350
348
350
352
353
351
347
347
346
343
343
339
338
337
334
331
329
327
326
326
326
323
322
325
324
325
323
323
324
326
326
324
324
325
328
327
327
324
325
328
328
327
327
326
330
329
327
325
325
326
328
327
324
324
326
328
327
326
327
326
328
328
327
325
325
329
327
326
326
328
327
330
327
326
327
329
330
331
328
328
327
327
330
328
329
330
331
329
328
328
329
331
331
330
328
328
329
331
329
329
329
331
330
330
328
328
329
327
330
328
329
333
332
332
329
327
330
333
336
335
336
340
344
344
347
354
362
361
358
354
348
340
339
337
335
330
329
328
325
324
321
321
320
321
321
319
318
319
322
323
320
306
292
276
260
243
231
255
340
411
448
470
471
450
434
428
406
378
355
343
336
329
327
324
324
321
318
318
317
319
320
315
317
319
320
320
318
318
320
322
322
320
320
322
324
326
325
323
324
327
328
330
328
328
329
331
333
331
331
332
336
335
337
334
335
339
342
342
341
344
345
349
348
348
350
350
352
350
345
345
342
341
340
335
332
332
331
328
323
320
321
323
321
320
319
319
319
319
319
317
317
319
320
320
316
316
318
319
319
317
317
321
320
321
318
318
318
320
320
319
319
318
318
318
319
317
317
319
319
320
320
320
320
323
322
321
321
320
323
323
319
318
319
323
320
321
318
320
323
323
321
322
323
322
325
322
320
322
322
325
322
321
322
323
324
324
322
323
323
323
324
322
323
325
325
325
323
321
325
324
323
322
322
322
322
325
325
326
329
329
333
336
337
340
349
355
355
351
348
346
340
334
327
328
328
325
321
316
315
316
317
316
314
311
313
315
317
315
312
313
309
295
278
259
242
227
227
284
374
439
478
491
462
430
423
416
392
362
342
330
327
325
322
319
314
314
314
316
313
312
314
312
314
314
313
312
314
316
316
313
315
318
321
320
319
320
323
326
325
324
323
326
327
329
328
326
327
330
332
330
329
331
332
336
336
335
338
338
341
344
342
345
347
348
348
347
347
345
346
344
339
339
338
337
335
330
326
328
326
327
323
321
323
322
323
322
321
321
322
324
324
322
320
322
324
326
323
322
324
326
323
324
322
323
325
326
324
322
323
323
327
326
325
328
327
329
329
323
325
326
329
327
325
326
328
329
329
327
325
326
329
327
325
323
325
327
326
326
325
325
327
328
328
324
327
326
326
326
324
326
328
329
327
324
324
326
329
329
326
326
326
327
328
325
325
326
329
328
329
326
328
327
328
328
327
326
326
329
329
327
327
326
328
328
326
327
332
332
336
337
340
344
351
357
358
355
355
351
345
336
333
331
332
329
325
319
321
321
321
319
317
317
319
318
318
318
317
319
314
301
284
265
247
228
225
273
364
441
493
505
470
435
430
422
393
366
343
331
329
327
323
321
320
319
320
318
317
316
317
319
318
316
317
316
321
320
319
317
321
321
323
323
320
322
326
326
323
322
323
326
329
328
328
327
330
333
333
331
332
332
334
336
335
334
336
338
342
341
340
343
347
348
348
346
347
348
346
343
341
341
339
337
336
331
329
330
328
327
325
323
324
325
325
322
322
322
323
326
324
322
325
326
326
325
323
324
326
328
326
325
325
328
328
327
327
327
326
329
327
326
325
327
330
329
325
327
328
329
330
328
327
327
328
329
327
325
326
328
327
328
323
327
326
328
326
324
325
326
329
330
326
325
326
328
330
328
324
326
328
329
326
325
326
329
328
327
327
327
329
331
328
327
326
328
328
329
325
328
327
331
329
328
326
328
329
330
328
328
327
328
328
326
325
330
335
336
336
339
341
344
353
357
355
353
352
351
343
334
333
333
333
331
323
320
320
322
320
318
316
318
320
322
321
319
319
319
315
297
281
263
250
230
233
291
375
434
471
481
458
435
430
418
391
359
341
333
330
331
324
321
318
318
319
318
316
317
317
317
315
316
317
316
319
318
319
318
319
322
323
321
320
322
324
326
323
325
327
329
329
327
325
329
331
332
333
334
336
337
338
338
338
341
341
343
345
346
346
347
350
351
350
349
349
349
347
345
342
341
341
338
333
330
328
327
326
323
323
323
324
323
322
317
318
320
320
320
318
319
318
322
321
320
320
321
323
324
323
321
321
321
322
319
317
322
324
324
321
319
320
321
321
322
321
322
320
323
321
323
322
321
321
323
321
321
322
323
325
325
323
323
322
324
321
322
322
324
324
321
319
321
325
325
324
320
322
323
323
325
323
320
322
324
325
323
323
325
325
327
322
323
325
327
327
322
321
325
324
328
328
327
328
333
338
340
344
351
358
360
358
355
352
345
339
333
330
329
327
323
322
319
316
317
317
316
316
314
317
319
318
315
314
314
303
290
273
255
236
225
255
341
412
448
471
470
445
425
420
406
380
357
338
330
326
325
325
318
317
316
315
316
317
312
315
316
317
316
315
314
316
317
318
316
318
320
323
322
324
323
324
326
326
325
324
326
329
329
328
328
329
332
334
332
331
334
337
336
337
335
336
340
341
344
344
346
349
350
349
349
346
346
345
344
341
336
334
334
334
331
326
327
325
325
324
320
320
321
321
321
320
320
322
325
324
321
319
321
324
323
322
321
324
323
326
324
322
322
325
325
324
323
325
325
327
323
322
322
323
327
326
323
323
324
324
326
324
323
327
327
329
324
323
325
327
326
322
322
324
324
324
324
325
324
326
327
325
323
323
324
327
327
323
323
325
324
325
323
325
324
327
326
324
323
324
325
326
325
324
327
327
326
326
323
326
328
329
329
329
330
332
336
342
342
346
354
360
361
355
354
352
347
340
335
331
331
329
326
323
318
317
319
317
317
316
317
320
319
318
316
318
314
300
285
266
246
224
220
268
362
443
494
507
474
436
428
421
396
368
344
334
331
330
328
324
321
319
319
318
318
317
316
317
318
317
315
316
319
319
318
316
317
318
321
323
323
323
322
326
328
325
325
325
329
330
329
328
328
332
333
332
331
331
331
337
338
334
336
339
341
344
342
344
347
349
350
348
345
347
347
347
342
339
336
334
336
333
328
325
325
323
325
323
321
322
325
323
321
321
322
325
323
322
322
322
324
324
322
322
324
324
326
324
322
321
324
325
325
323
323
325
326
327
324
324
326
327
326
325
324
325
325
328
327
326
327
328
329
326
326
326
328
329
329
327
326
326
328
328
325
325
327
329
329
324
325
325
326
328
325
324
327
326
329
325
324
327
328
330
327
326
329
330
331
329
326
328
328
330
331
328
328
331
333
330
329
331
332
336
336
335
338
343
349
350
356
361
365
363
362
357
347
342
341
338
335
333
329
327
328
323
321
321
322
324
323
319
320
321
322
322
315
305
289
271
256
231
223
258
348
425
474
494
478
445
438
428
399
370
350
340
332
330
325
325
323
324
320
319
321
320
320
317
317
318
320
321
320
319
319
323
325
321
322
323
325
325
324
323
327
327
328
328
326
329
329
332
333
331
333
335
336
335
335
334
335
337
340
340
340
342
343
346
348
347
348
350
351
347
347
345
345
342
338
333
330
331
331
328
325
323
325
322
323
321
319
320
323
325
320
321
322
322
324
323
323
325
325
325
324
321
320
323
324
325
322
323
324
325
323
324
322
323
323
325
322
323
323
324
324
323
322
323
325
325
323
321
324
324
324
324
322
323
325
324
322
320
321
324
325
325
324
323
324
325
325
324
322
325
325
326
325
321
324
326
325
324
324
325
325
326
326
326
324
325
327
326
322
323
328
331
333
330
334
339
342
348
354
355
357
358
356
351
342
337
334
332
329
324
323
323
320
320
317
317
317
321
320
319
316
317
317
317
310
295
283
268
254
236
240
304
385
430
449
468
460
441
430
415
390
363
346
338
332
326
324
323
322
320
318
318
317
318
319
316
316
318
320
321
319
318
320
323
322
321
323
323
325
328
327
325
326
330
331
331
329
329
332
333
333
330
333
337
338
338
337
336
338
342
344
342
344
347
348
351
351
349
350
353
353
351
348
346
344
345
340
335
334
332
330
328
325
325
326
325
323
323
321
323
323
323
321
320
322
323
324
325
322
324
323
323
323
322
323
326
328
326
324
323
324
323
324
322
325
327
327
326
324
322
323
324
325
324
321
325
325
325
324
320
322
325
324
324
322
323
327
326
326
324
323
325
326
324
322
323
324
327
327
325
324
326
328
326
324
322
324
326
326
326
324
323
325
327
328
326
329
333
335
337
340
345
353
360
364
361
359
357
351
345
336
333
331
329
327
324
320
320
320
321
318
317
318
318
321
320
316
319
319
305
289
270
253
231
220
250
337
418
477
504
488
446
428
427
409
379
353
337
333
332
330
326
322
322
321
321
319
318
319
318
318
318
317
317
319
322
320
320
319
324
324
326
324
325
326
328
327
325
324
326
328
331
330
328
331
330
331
333
332
334
337
336
336
335
335
339
343
342
344
345
346
349
350
348
346
347
347
347
343
338
336
336
337
332
327
327
328
326
324
322
322
323
322
324
321
322
322
324
324
321
320
322
324
324
322
323
324
323
325
325
323
324
325
325
325
323
323
324
325
324
321
323
324
327
325
322
322
324
325
325
325
324
324
324
326
324
324
324
325
325
324
321
322
323
325
323
322
323
321
325
324
321
321
322
323
323
321
323
323
324
325
323
322
325
326
326
324
323
322
325
327
325
323
325
326
330
330
331
334
339
346
350
354
356
358
356
354
345
339
336
332
329
324
320
320
320
319
317
315
314
316
317
315
312
317
316
316
309
292
274
258
241
219
225
285
381
453
497
497
459
432
430
416
385
357
339
333
330
326
322
321
320
319
318
312
315
314
316
315
315
315
316
318
319
315
317
318
320
321
318
319
320
322
323
322
320
322
324
326
324
323
325
328
328
326
328
327
331
330
330
331
333
335
337
337
334
338
341
342
345
344
344
344
346
345
340
339
338
339
339
333
329
329
329
327
325
323
323
324
323
323
320
321
320
323
322
321
321
325
325
322
322
322
324
326
325
321
319
322
324
324
322
321
322
325
324
324
324
323
325
326
325
321
324
325
326
323
322
321
324
324
325
321
321
326
327
325
323
322
325
326
327
324
324
322
325
325
326
323
324
324
324
326
322
324
325
325
324
322
322
325
324
325
322
322
326
326
327
324
324
325
327
327
325
322
324
326
329
328
330
334
339
343
346
348
355
359
359
358
353
348
343
338
334
328
325
323
323
321
319
316
316
317
318
318
317
317
319
321
319
309
293
277
260
239
219
225
291
380
443
481
489
459
438
435
419
384
359
344
337
332
328
326
326
323
322
319
319
318
319
318
317
318
319
321
319
316
319
321
323
322
320
321
324
325
326
325
324
326
328
329
327
327
327
327
330
329
328
329
331
332
332
330
331
335
335
336
334
336
339
342
342
342
345
345
346
346
342
341
340
343
342
337
333
330
330
328
327
324
323
324
324
322
321
321
322
323
324
323
322
324
325
325
322
323
324
324
323
323
321
323
323
324
323
322
323
326
326
324
320
323
325
326
324
323
322
325
325
324
322
321
324
326
326
323
323
323
323
324
321
322
324
325
326
324
323
323
326
327
323
323
323
326
327
326
323
325
325
328
327
324
324
323
326
326
323
324
324
325
327
325
323
325
327
328
325
324
323
326
325
327
323
326
328
327
328
327
328
330
331
333
332
336
341
345
351
356
355
355
356
351
345
337
335
332
330
326
320
320
320
320
320
317
317
318
321
321
319
319
320
319
307
289
272
256
239
223
242
316
391
439
474
475
446
433
430
409
377
350
338
331
330
326
323
321
321
321
319
316
315
317
319
317
317
314
315
317
318
316
317
319
320
320
320
319
322
323
326
324
323
326
327
329
329
325
327
327
330
330
330
330
333
333
333
332
331
337
338
337
339
339
344
346
348
345
345
345
347
347
344
340
337
336
336
334
327
324
326
326
325
323
322
323
321
324
321
320
319
321
322
319
318
318
322
322
320
318
320
322
323
321
321
321
321
323
322
320
321
322
324
323
319
318
318
320
321
318
319
319
322
322
320
317
318
320
319
320
317
322
323
322
320
318
319
319
321
320
318
317
318
322
322
318
318
321
322
322
318
318
318
323
324
322
319
319
323
324
321
320
321
323
323
323
320
323
323
325
323
322
322
325
325
325
322
322
324
326
330
328
327
333
336
341
345
350
355
358
355
350
345
339
332
332
327
324
324
322
320
319
316
315
315
317
316
314
316
318
318
320
316
308
292
279
263
246
234
251
324
401
437
457
471
461
440
430
410
382
360
344
336
329
324
324
324
322
319
317
319
321
321
318
315
318
321
322
318
318
319
322
322
323
320
324
326
328
327
325
324
328
331
331
329
328
332
333
334
331
332
334
337
337
336
335
338
339
341
341
340
341
347
346
347
348
350
352
353
351
348
345
346
347
343
339
338
337
337
336
333
330
329
330
329
327
325
328
328
326
325
322
325
326
328
326
322
323
327
328
325
323
325
326
329
329
324
325
325
329
327
326
326
327
329
329
325
323
326
326
329
325
323
325
326
327
326
323
325
326
328
326
323
324
325
328
327
325
325
324
327
326
325
323
326
327
325
324
323
324
328
329
327
326
326
325
328
326
323
325
326
329
327
326
325
326
330
329
325
327
328
329
328
325
325
327
329
328
326
328
332
335
334
338
337
343
352
360
361
356
356
356
349
342
332
332
332
332
327
323
317
319
321
322
318
315
319
320
321
318
317
318
319
308
291
270
255
236
226
251
330
407
460
491
487
450
431
426
411
383
354
339
333
330
328
322
322
320
321
320
318
316
317
319
320
318
315
317
320
320
319
319
317
321
324
323
321
321
325
324
326
326
325
329
331
331
328
326
328
329
332
332
331
333
335
337
334
332
334
338
339
338
338
342
345
346
346
346
346
347
349
347
341
339
341
340
339
334
331
328
328
330
325
322
323
327
326
325
323
323
326
327
325
322
322
325
327
324
323
323
325
327
327
323
325
324
329
327
324
323
325
324
326
324
323
323
326
327
325
321
325
326
326
325
323
324
325
326
325
324
322
325
328
326
323
322
325
325
326
323
322
323
324
325
323
321
322
323
325
322
322
323
323
324
324
321
322
324
326
326
325
322
326
326
325
325
324
326
328
328
327
325
326
326
328
325
323
325
328
328
327
324
326
330
331
332
330
334
339
344
349
353
358
357
358
355
348
340
334
336
335
330
326
323
322
321
319
317
318
320
322
321
319
317
320
322
320
308
290
274
258
235
215
234
313
407
471
503
496
454
433
432
410
378
354
339
335
329
324
323
322
323
320
315
316
315
319
315
316
316
318
320
319
317
317
319
321
322
321
319
322
324
325
324
322
325
325
328
325
324
324
327
331
328
326
328
330
331
333
329
329
332
336
336
335
335
340
341
342
340
341
343
344
347
343
341
339
341
341
337
333
332
331
328
327
324
324
324
325
325
320
320
320
321
322
320
320
322
322
322
319
320
321
324
325
323
322
322
324
324
323
319
322
324
324
324
321
322
323
325
326
321
322
324
324
323
321
321
323
324
324
323
320
322
325
325
322
322
322
324
325
324
322
322
324
324
324
322
322
322
322
324
320
321
323
323
323
322
321
323
325
325
324
320
324
325
324
325
323
322
326
327
326
323
325
327
326
327
324
324
326
327
328
325
325
326
327
326
325
323
327
329
328
329
330
332
336
340
341
343
350
357
358
355
348
346
340
337
336
331
331
327
326
324
321
318
320
319
320
318
317
318
320
322
320
317
309
295
279
259
236
218
231
303
388
451
493
496
464
440
431
411
382
357
342
333
327
328
326
324
321
317
319
320
319
318
316
317
320
320
319
317
320
321
323
324
321
322
324
326
324
324
323
326
327
327
326
326
328
331
331
330
328
332
333
332
334
332
333
337
338
338
337
339
340
344
343
342
344
345
349
347
347
345
347
345
344
339
336
337
335
333
330
326
325
328
326
322
321
321
324
323
321
319
320
322
324
323
320
321
322
321
322
322
320
323
325
323
322
320
321
323
321
321
319
322
324
325
323
321
321
322
323
321
319
320
322
325
324
320
320
323
325
323
320
318
321
321
322
320
318
320
323
323
320
320
320
323
322
320
320
320
322
325
324
320
319
322
324
323
321
320
322
322
323
320
321
323
323
322
320
320
323
324
326
324
323
324
327
328
325
321
322
325
329
328
328
329
331
335
337
336
342
351
359
359
353
353
349
343
336
330
329
331
329
327
321
316
317
319
322
319
318
317
316
321
320
317
316
314
301
286
267
253
239
235
277
363
424
456
479
478
452
429
418
399
372
352
336
331
328
326
322
316
316
318
318
317
312
315
316
317
317
315
314
318
320
320
316
317
319
320
321
320
319
321
324
325
322
318
320
324
327
328
326
328
330
331
332
328
332
332
335
336
334
335
338
340
341
342
344
347
350
352
349
346
350
347
348
346
343
340
339
335
332
330
330
329
329
327
324
325
325
326
326
323
321
324
328
327
325
325
327
327
324
323
320
322
325
327
325
325
326
325
327
325
324
324
325
327
327
323
322
326
327
325
324
324
323
324
325
323
322
323
326
326
324
322
324
325
325
322
320
323
323
325
323
320
323
326
325
323
321
321
322
322
323
323
322
323
323
322
322
320
324
322
324
321
321
323
324
326
323
324
326
325
326
323
321
325
327
327
324
325
326
327
330
332
332
335
339
343
350
355
357
360
359
355
349
341
336
337
334
332
329
326
324
324
322
321
320
320
319
319
319
321
323
321
319
312
298
282
266
251
232
237
304
392
447
477
493
472
445
432
422
395
369
350
339
333
329
325
326
325
322
322
321
322
320
320
318
321
322
321
321
318
320
321
322
324
323
323
326
328
328
327
327
327
327
329
328
328
328
332
333
331
332
333
334
336
336
334
337
338
339
340
343
344
347
349
350
351
351
353
354
354
353
352
352
352
350
344
341
342
341
339
335
331
332
332
331
330
327
329
330
329
328
327
328
330
330
329
327
327
329
329
329
326
327
326
327
329
329
328
329
330
328
328
329
329
329
329
327
326
327
327
328
327
327
328
328
327
327
325
326
329
326
328
324
326
327
328
327
326
326
327
327
328
326
327
328
327
327
325
325
327
327
325
325
326
327
327
326
326
324
324
326
327
324
325
327
327
326
326
325
325
327
328
327
327
325
327
329
328
327
329
332
334
334
333
337
341
346
354
358
357
356
355
350
342
334
332
331
330
327
322
321
321
320
319
317
315
317
318
317
317
315
317
318
308
294
278
260
242
219
222
282
379
457
505
509
469
432
426
415
388
359
339
329
326
323
320
319
318
316
315
313
312
314
315
316
313
312
313
313
314
314
314
316
316
319
317
318
319
319
320
321
320
320
323
321
322
321
321
326
325
325
325
325
328
327
329
329
329
330
332
334
334
334
337
339
339
339
341
340
344
342
341
339
337
338
335
335
331
329
329
326
325
323
321
321
321
320
317
318
319
320
320
321
319
320
321
322
320
318
319
322
319
320
320
320
320
322
322
321
320
321
320
321
320
319
319
319
320
320
319
319
320
321
321
319
320
320
319
321
320
320
321
322
321
320
320
321
321
321
318
320
320
321
320
320
318
319
320
319
319
318
317
319
319
319
318
319
320
319
318
316
319
319
320
320
321
321
321
320
320
320
320
321
320
318
320
320
319
319
321
319
320
320
321
322
322
325
324
326
332
335
338
344
351
353
351
349
346
339
335
331
329
328
326
325
320
316
316
316
315
317
316
315
316
316
315
318
317
314
302
285
265
245
223
214
253
348
431
488
513
484
441
431
422
396
368
347
336
330
329
326
322
320
318
317
318
318
317
315
315
317
316
315
316
315
317
318
319
318
318
319
318
321
320
321
323
321
324
324
324
325
326
326
328
326
327
331
329
330
331
333
334
334
335
334
337
339
341
341
339
342
345
345
348
346
345
343
344
342
341
339
338
336
334
333
327
327
327
328
326
326
323
326
324
324
326
325
326
325
327
328
325
328
327
325
328
326
326
328
326
326
326
325
327
327
325
327
325
328
325
325
325
325
326
327
328
326
326
327
327
327
327
326
327
327
325
326
325
328
327
326
326
325
326
326
328
325
326
327
326
325
324
323
326
328
328
328
325
325
328
327
329
328
328
329
327
330
328
326
329
327
328
328
327
330
330
329
330
330
327
329
330
330
328
330
331
331
332
331
329
330
330
331
332
332
333
334
338
339
342
348
357
362
361
357
356
354
345
339
335
333
333
329
327
323
320
319
320
321
321
320
321
322
321
319
319
319
314
297
282
263
244
223
226
279
370
437
484
498
468
440
435
421
389
361
342
334
329
328
324
320
319
317
319
315
317
315
316
316
313
314
316
316
316
315
316
315
317
320
320
320
319
320
321
322
321
322
322
323
323
325
323
323
327
325
327
325
327
329
330
331
331
332
333
335
337
338
338
339
341
343
344
346
344
343
343
342
337
334
336
334
332
328
325
324
322
322
319
317
317
318
316
317
316
315
317
318
319
318
317
318
316
315
315
317
317
318
319
317
318
320
320
320
319
317
321
321
319
317
318
320
320
320
319
317
318
319
319
319
317
317
318
318
318
316
314
315
315
315
316
317
318
319
318
315
316
318
317
319
316
317
317
318
315
315
316
317
316
318
315
317
316
317
319
318
316
315
318
318
318
315
315
317
317
317
317
315
316
317
316
315
315
320
322
320
320
323
328
332
340
344
346
345
346
345
338
329
325
324
321
317
314
312
313
309
309
307
306
308
308
308
305
306
308
309
309
301
286
272
257
241
228
231
289
369
417
439
460
456
437
419
404
379
353
337
324
320
315
312
312
309
310
309
309
311
311
309
307
305
309
310
309
311
309
311
315
315
315
316
315
316
319
319
319
320
321
321
320
322
322
325
328
328
326
328
328
331
333
331
331
334
335
336
336
339
342
343
346
344
347
349
351
350
349
345
341
342
341
338
333
330
331
329
327
324
321
322
321
319
320
317
320
320
317
317
317
317
320
319
316
316
318
319
319
319
317
316
320
319
317
319
319
320
320
320
317
317
319
319
319
318
316
319
321
320
321
319
320
320
320
321
319
318
321
321
320
320
320
321
322
322
321
321
322
319
318
319
318
318
319
321
319
317
320
321
321
317
318
318
319
317
317
319
320
320
322
324
325
326
328
333
333
341
348
354
356
354
351
347
342
333
330
327
323
321
318
317
315
313
313
313
312
312
308
308
311
312
313
311
312
308
294
276
261
243
229
230
282
368
421
452
475
458
435
425
417
393
365
343
333
327
326
322
320
317
316
316
314
316
314
314
317
316
317
317
314
315
317
317
317
316
319
321
324
322
323
324
324
324
326
325
327
329
329
329
328
327
329
330
328
330
332
333
334
333
336
336
339
341
342
343
342
345
348
348
348
346
347
344
344
341
336
338
338
333
331
329
326
326
325
323
323
322
324
325
323
323
322
324
325
325
325
324
323
326
326
325
324
324
326
326
325
324
325
326
328
326
326
323
328
327
328
327
326
327
328
329
327
327
328
329
329
327
328
328
329
328
329
326
325
325
326
325
324
326
327
326
326
323
325
326
325
325
325
325
328
327
328
327
326
328
329
328
328
326
326
327
329
327
326
329
331
332
333
335
338
344
350
358
361
364
364
361
357
351
343
339
337
334
330
325
325
325
322
321
320
320
321
317
320
320
320
321
319
319
308
290
275
257
235
214
233
313
411
482
518
503
458
433
430
410
381
354
340
335
330
325
324
321
321
319
315
317
319
317
315
316
315
317
316
316
317
316
320
319
320
319
320
321
323
323
323
323
325
328
328
326
327
329
330
330
329
331
329
333
334
333
331
332
334
335
335
335
337
340
342
343
344
344
346
348
347
345
343
344
341
341
337
335
333
332
328
327
326
324
324
325
323
323
323
323
323
322
324
322
323
324
326
323
324
326
326
328
325
325
325
328
327
327
327
328
328
326
329
328
326
326
329
329
327
327
326
327
327
327
325
328
327
327
328
326
327
326
327
327
326
325
328
328
325
326
326
328
327
326
327
328
327
328
328
328
327
327
328
329
327
327
328
329
329
329
327
329
330
329
328
328
330
331
332
331
333
336
337
339
344
345
350
359
365
366
365
361
360
354
345
340
336
336
334
330
327
325
327
326
326
324
322
322
325
325
324
324
324
321
308
292
272
256
233
226
259
349
431
490
514
488
447
438
432
406
375
353
341
335
334
330
329
326
325
323
323
323
321
321
323
322
323
323
322
323
324
324
324
323
323
326
325
327
328
329
330
331
330
331
333
334
333
334
334
334
337
337
337
334
336
337
339
339
339
341
344
344
345
346
346
348
350
349
349
350
349
350
348
345
343
341
339
336
333
332
330
330
327
326
325
324
325
325
323
325
324
325
323
326
323
325
326
327
327
327
327
325
327
327
327
328
326
328
326
327
325
326
327
327
328
325
328
327
327
326
327
325
328
328
328
327
326
328
328
326
326
325
327
328
328
325
328
327
329
328
326
325
326
328
328
326
325
325
328
326
326
325
325
328
326
328
327
328
329
329
329
326
327
328
327
329
328
327
328
329
330
328
327
328
330
333
336
334
336
339
341
347
352
359
365
365
364
360
356
351
343
339
337
334
332
332
329
326
324
324
325
323
321
322
323
322
322
320
320
316
302
288
268
250
229
226
272
361
430
476
496
474
443
434
423
393
365
344
336
332
329
329
327
324
322
320
320
319
320
320
320
321
321
321
319
319
321
321
321
320
320
323
323
323
324
325
326
327
326
328
327
328
330
330
330
330
330
331
333
333
331
333
336
337
335
336
337
341
341
344
344
344
348
347
347
345
344
345
343
341
337
334
333
329
329
326
324
324
322
321
321
320
321
322
321
319
320
318
321
321
320
321
322
322
321
319
319
321
320
322
320
318
320
320
322
323
322
319
321
324
324
322
321
322
322
323
323
322
322
320
321
323
321
319
321
323
322
322
321
322
322
323
322
320
317
320
321
319
319
319
320
320
319
318
318
319
321
319
318
319
321
322
321
320
321
320
319
319
319
319
320
322
321
321
319
320
321
319
320
320
320
324
323
322
320
320
322
320
324
324
325
326
329
332
335
339
347
354
356
352
351
349
343
335
331
329
326
325
322
317
315
315
316
313
314
313
314
313
314
313
315
316
316
307
294
276
259
244
231
238
301
380
420
445
466
460
439
427
413
385
360
340
331
327
321
320
317
315
314
315
313
311
312
313
312
311
313
312
314
313
315
316
317
318
319
318
318
319
321
322
320
321
321
321
324
323
325
322
322
327
328
329
329
330
331
331
333
333
334
336
337
338
340
340
343
344
347
347
345
346
347
344
342
340
339
337
337
335
332
328
329
326
323
323
324
324
324
324
323
324
323
324
324
323